0 10 233 96 95 31 32 64 50 10 72 40 62 44 29 94 17 12 75 30 21 46 11
1 10 185 89 14 14 16 32 50 73 78 6 9 5 1 3 87 84 66 36 93 28 54
2 10 286 32 56 99 100 19 74 29 39 40 27 84 53 95 67 55 67 44 60 75 1
3 10 328 60 78 87 95 95 23 36 50 40 67 57 90 67 75 63 47 65 33 86 44
4 10 261 16 91 38 34 45 4 30 56 31 30 67 8 61 54 90 47 89 91 56 99
5 10 275 27 74 25 42 20 42 74 58 85 42 100 22 75 96 77 56 51 7 17 66
6 10 226 53 29 20 94 75 8 85 12 15 35 90 40 60 31 12 1 5 69 37 98
7 10 241 20 10 24 15 86 80 65 45 64 33 10 68 61 81 62 87 41 98 50 55
8 10 325 84 39 47 43 70 58 95 26 78 31 23 97 40 46 63 78 77 27 74 41
9 10 215 11 83 60 23 16 21 9 56 70 58 62 54 48 8 17 17 43 94 94 25
10 10 202 68 42 17 14 4 46 42 82 19 82 92 53 94 14 14 74 23 36 31 37
11 10 175 89 79 44 36 47 61 30 41 6 7 8 48 23 73 51 20 15 33 38 48
12 10 309 76 90 41 42 58 7 15 32 42 98 68 82 64 69 74 76 99 66 81 57
13 10 213 26 80 31 98 50 64 15 87 64 42 28 56 83 37 14 50 69 7 47 88
14 10 287 88 74 51 57 47 26 7 13 63 38 86 93 87 68 94 3 34 80 18 28
15 10 268 59 25 10 96 39 11 16 45 57 3 85 82 54 93 29 31 99 93 89 13
16 10 309 30 75 57 68 94 50 22 80 81 39 7 39 64 68 86 54 79 1 98 87
17 10 270 56 34 69 61 26 97 91 76 41 80 88 22 6 96 89 51 45 11 30 25
18 10 217 1 88 16 16 56 1 69 86 54 19 72 61 52 40 21 30 88 63 5 80
19 10 164 42 45 1 99 40 90 2 85 52 31 61 4 71 76 20 26 29 88 11 34
20 10 179 6 34 94 10 26 14 39 65 28 43 45 70 20 79 34 21 63 37 4 75
21 10 229 41 74 51 60 31 99 61 64 57 46 9 18 71 74 56 36 1 50 80 22
22 10 266 89 24 94 67 10 14 81 46 69 55 38 42 57 97 44 39 48 56 2 4
23 10 145 2 62 21 72 35 28 7 88 29 38 9 17 62 2 23 68 67 68 36 74
24 10 258 58 30 30 6 73 69 53 29 22 8 82 36 80 53 70 7 12 57 36 49
25 10 254 18 4 62 71 91 84 38 57 4 26 82 61 7 64 79 84 71 59 57 78
26 10 218 40 92 58 45 14 16 56 22 3 56 39 7 70 10 49 5 99 5 8 24
27 10 263 39 20 30 2 38 61 85 60 71 41 89 63 46 7 98 14 14 19 16 21
28 10 235 10 74 90 19 22 95 69 79 54 45 17 26 26 70 63 38 74 9 46 62
29 10 221 23 30 60 29 27 73 94 98 40 14 7 14 56 77 35 50 45 65 55 41
30 10 232 33 80 67 2 94 4 7 67 64 53 29 86 34 88 66 13 60 11 10 51
31 10 179 25 16 64 32 44 51 33 40 15 87 81 48 67 99 1 60 2 8 27 18
32 10 280 60 55 55 45 42 73 57 53 83 66 3 59 33 19 90 28 69 22 68 35
33 10 283 9 48 34 27 98 35 86 51 94 64 68 53 18 23 49 11 95 6 15 29
34 10 271 23 70 88 8 40 77 35 60 51 2 94 59 1 80 85 50 66 22 59 86
35 10 291 68 63 55 42 11 18 88 68 84 17 91 53 4 98 92 32 51 82 38 97
36 10 263 92 90 28 76 40 45 50 40 55 87 7 69 41 1 31 58 88 99 94 56
37 10 275 89 46 11 38 90 95 21 92 76 58 40 20 19 47 39 63 96 78 69 82
38 10 242 36 37 23 36 68 32 76 66 77 83 6 23 94 43 64 40 15 7 25 99
39 10 181 34 24 17 81 14 32 28 91 10 26 89 84 56 67 73 44 23 78 18 68
40 10 238 72 33 7 38 91 74 62 89 59 37 58 91 50 89 19 92 40 80 18 28
41 10 258 15 83 35 81 71 7 76 45 36 45 13 7 77 19 45 68 92 58 56 51
42 10 244 47 13 41 48 53 11 40 45 90 57 72 4 39 7 37 61 65 64 5 1
43 10 172 9 69 7 85 88 3 4 31 13 12 33 59 76 74 6 29 36 97 73 78
44 10 236 5 96 33 95 54 69 55 19 12 71 41 32 77 77 19 32 81 50 96 92
45 10 190 82 54 67 7 11 47 95 8 19 72 12 67 4 7 20 25 13 90 57 76
46 10 281 60 49 89 25 78 20 57 79 15 48 13 20 67 71 82 13 17 41 84 88
47 10 200 5 50 92 63 21 68 27 11 24 3 22 24 14 10 91 81 57 22 47 56
48 10 223 86 66 74 56 39 73 40 22 12 44 23 55 6 95 22 33 57 97 87 79
49 10 253 20 100 40 72 42 21 28 15 67 35 85 61 8 36 99 32 75 20 43 71
