0 10 285 59 94 3 13 36 98 72 20 58 32 96 79 80 77 74 53 81 91 12 100
1 10 273 16 74 33 51 60 10 79 97 94 40 47 5 49 69 21 99 92 40 56 23
2 10 274 88 86 2 16 59 55 97 1 66 48 17 91 80 19 3 41 49 99 87 88
3 10 298 46 43 72 46 11 44 44 2 36 51 24 75 89 78 90 99 84 38 100 1
4 10 239 85 68 92 17 86 46 9 86 44 95 25 41 37 96 39 47 34 100 27 37
5 10 243 76 53 25 53 42 23 36 32 22 88 16 41 79 84 78 24 93 63 20 87
6 10 270 87 12 76 35 50 74 26 84 74 4 20 49 56 44 53 49 18 40 80 92
7 10 212 27 48 32 58 31 10 33 23 72 52 62 59 64 37 45 13 10 70 48 83
8 10 199 25 19 83 32 14 35 80 32 26 12 23 53 59 54 10 41 63 42 16 87
9 10 259 46 77 97 9 13 41 73 74 10 73 57 86 91 91 17 5 78 48 36 3
10 10 169 59 10 55 69 15 16 62 78 10 77 16 55 53 12 17 52 39 90 13 11
11 10 234 98 50 2 89 66 58 13 45 20 24 54 27 44 68 42 5 97 3 33 12
12 10 316 57 37 75 23 53 78 62 43 90 72 92 39 25 80 56 82 97 21 26 69
13 10 322 44 31 95 39 99 36 96 47 91 28 59 47 65 85 22 17 63 83 11 4
14 10 198 6 3 95 31 34 50 12 83 22 90 51 65 20 97 56 70 84 51 17 74
15 10 190 78 27 21 94 11 94 63 25 76 73 29 81 27 75 13 76 47 98 16 49
16 10 245 62 87 45 69 57 28 19 73 2 49 99 74 42 61 4 86 94 29 66 26
17 10 196 7 40 41 71 15 67 69 12 34 17 26 20 13 94 76 93 65 100 46 13
18 10 278 50 71 6 11 89 10 96 82 90 61 59 48 52 99 19 66 17 87 78 50
19 10 210 56 3 22 68 48 49 12 12 49 57 24 98 27 30 60 15 91 55 32 67
20 10 235 59 79 18 9 97 36 26 36 13 27 91 67 48 10 14 49 74 26 30 1
21 10 249 46 9 82 6 75 72 12 75 3 31 33 34 100 93 30 35 70 17 47 97
22 10 327 59 65 96 21 31 44 94 8 92 75 8 90 83 90 95 10 13 58 84 68
23 10 278 88 68 1 88 60 82 22 30 51 21 78 9 85 73 29 15 69 74 74 12
24 10 236 49 82 1 83 23 95 92 87 53 27 6 92 94 6 79 54 40 53 35 90
25 10 313 73 12 98 9 36 79 76 4 52 49 68 52 82 68 35 56 63 78 43 67
26 10 171 5 48 10 98 6 89 3 97 41 37 86 65 35 25 36 65 52 91 69 1
27 10 276 58 20 34 26 54 90 40 84 84 58 88 31 67 37 7 40 99 28 21 63
28 10 227 80 8 40 15 72 91 57 92 43 15 12 29 92 17 18 83 1 92 39 83
29 10 249 58 76 23 65 67 58 15 46 79 30 25 38 69 91 61 11 48 53 54 14
30 10 250 16 82 57 32 51 39 32 3 30 22 85 39 97 59 55 15 17 70 61 47
31 10 293 99 85 36 67 76 96 77 75 82 88 15 15 44 47 65 34 30 67 63 51
32 10 214 4 1 14 56 30 77 74 28 75 11 63 93 38 59 69 64 10 3 51 25
33 10 258 17 46 23 34 79 52 93 54 55 45 53 69 52 19 50 28 92 78 2 54
34 10 238 40 94 43 50 15 6 60 69 8 36 85 53 58 18 83 9 70 27 14 24
35 10 225 24 67 44 75 37 94 55 80 23 8 34 62 54 76 64 20 75 88 41 10
36 10 243 72 94 67 42 28 27 11 7 92 86 30 10 82 4 46 27 10 26 49 18
37 10 229 59 62 71 86 25 90 19 51 29 60 12 100 5 78 93 84 56 55 90 48
38 10 323 93 19 57 74 75 3 84 80 53 38 61 75 38 16 46 88 44 5 96 61
39 10 256 29 88 96 37 95 86 84 87 56 92 12 82 46 63 18 25 62 70 14 74
40 10 205 45 89 11 60 86 99 56 42 50 51 2 78 90 97 14 84 34 49 22 90
41 10 245 93 33 23 38 47 40 15 8 10 28 82 6 68 92 17 53 42 72 94 43
42 10 355 74 47 21 64 96 86 99 29 87 21 70 79 53 93 68 100 84 34 59 45
43 10 247 14 92 50 33 36 19 38 29 90 83 72 16 30 44 79 77 81 77 5 67
44 10 281 49 27 97 2 71 17 53 54 50 63 99 15 7 100 48 42 18 85 70 60
45 10 173 67 93 75 48 36 5 24 17 33 81 35 82 7 84 29 100 39 34 1 53
46 10 276 84 16 59 84 63 52 53 47 74 12 65 66 38 13 54 94 36 70 27 16
47 10 261 56 60 74 39 46 54 38 84 88 91 71 6 47 6 20 50 59 18 23 22
48 10 272 82 41 60 94 94 5 15 83 49 70 42 75 61 39 28 50 74 67 40 62
49 10 271 90 97 60 95 16 9 53 33 84 27 67 24 38 12 17 42 93 83 25 94
