0 10 543 20 49 16 16 96 48 21 16 97 85 43 87 57 58 83 40 35 65 81 94
1 10 586 96 44 77 56 82 94 35 44 92 23 71 63 38 30 18 85 50 85 33 34
2 10 483 28 71 42 37 53 81 23 70 62 16 65 57 93 20 39 38 54 34 29 76
3 10 474 4 91 98 93 72 15 30 21 100 62 6 79 33 47 15 85 80 38 41 5
4 10 678 71 49 49 42 87 86 96 21 66 23 76 8 73 21 79 87 50 51 38 11
5 10 549 56 16 95 55 83 32 34 20 37 26 76 59 74 77 1 13 14 48 85 80
6 10 417 22 12 39 94 32 18 33 81 20 70 44 28 38 38 82 20 21 67 91 10
7 10 581 44 18 68 17 94 68 81 60 15 65 39 37 77 29 82 60 46 14 41 66
8 10 449 36 36 45 25 25 26 44 46 86 55 87 3 22 55 49 42 8 56 52 98
9 10 415 44 80 26 78 40 24 91 32 41 78 67 85 2 43 10 97 5 82 94 91
10 10 454 37 68 45 85 61 80 92 16 84 89 12 63 66 89 2 89 31 85 29 61
11 10 660 3 13 62 46 74 11 85 78 92 31 68 28 98 65 64 58 96 55 25 79
12 10 713 95 88 42 61 28 95 49 11 80 78 71 34 90 84 79 16 94 64 93 38
13 10 407 94 13 17 43 77 81 52 24 35 28 3 82 16 96 42 43 5 73 71 75
14 10 544 7 13 59 85 28 4 100 20 41 93 84 58 87 60 90 90 36 76 18 38
15 10 528 57 33 85 50 27 26 44 32 99 14 58 5 26 16 41 5 72 41 25 12
16 10 564 85 60 21 24 72 10 13 7 86 30 44 94 14 28 93 5 87 76 55 52
17 10 578 33 59 78 1 52 82 72 92 58 35 28 18 56 51 89 17 64 47 54 45
18 10 603 90 48 59 69 91 3 25 29 78 80 80 10 9 62 41 43 85 84 52 20
19 10 443 12 21 27 14 61 43 29 7 97 74 48 96 32 16 38 34 41 66 63 20
20 10 555 97 24 61 58 86 2 52 70 85 3 41 48 24 67 62 36 10 90 43 58
21 10 418 15 90 53 98 58 90 31 50 7 45 21 55 69 81 12 6 82 63 75 19
22 10 426 18 68 66 93 34 79 28 95 21 22 52 35 12 56 33 21 97 15 70 3
23 10 481 60 42 10 28 22 21 85 56 36 59 74 5 26 91 97 12 70 24 6 90
24 10 548 98 10 76 61 17 8 81 14 23 2 68 82 43 77 61 16 50 45 37 55
25 10 342 48 41 33 39 37 44 60 12 49 1 9 10 76 69 27 84 1 92 6 2
26 10 596 59 39 96 88 99 64 37 43 86 25 49 34 65 81 72 53 24 83 16 25
27 10 462 35 77 34 10 45 12 98 3 2 51 14 40 47 1 90 10 89 84 13 33
28 10 647 80 29 13 3 81 89 85 48 19 24 98 81 69 10 77 18 64 79 68 77
29 10 573 70 66 77 60 75 65 43 74 29 75 53 57 40 56 89 28 92 37 11 60
30 10 522 89 43 80 50 19 97 14 97 17 90 67 82 78 9 35 20 82 64 47 34
31 10 566 72 38 89 61 65 33 49 56 43 8 96 37 40 98 55 36 11 4 52 52
32 10 407 22 34 51 42 57 70 23 72 68 8 43 5 49 55 21 81 3 28 75 11
33 10 430 24 11 50 21 17 37 83 72 41 86 45 26 8 95 67 64 65 41 35 84
34 10 566 48 29 89 48 84 9 28 86 37 2 12 64 49 84 81 86 66 52 78 51
35 10 528 49 3 58 43 21 73 59 61 43 60 88 83 8 23 87 8 79 89 42 52
36 10 514 56 25 84 93 42 88 70 93 36 72 2 78 92 27 37 4 85 31 16 24
37 10 520 13 75 46 55 61 54 86 49 79 53 68 4 36 13 45 75 82 89 10 6
38 10 537 43 88 49 69 76 53 5 6 20 29 70 94 74 76 54 79 61 55 91 40
39 10 464 59 11 95 46 23 91 21 56 32 30 61 74 69 62 94 44 14 98 1 85
40 10 538 26 22 78 52 98 31 82 58 37 25 49 95 35 43 41 9 34 61 64 65
41 10 511 42 77 90 11 38 83 6 3 32 59 87 58 80 64 61 77 46 42 35 35
42 10 430 18 35 29 52 78 21 60 63 33 76 79 75 4 20 37 41 2 42 95 33
43 10 564 81 42 80 96 54 8 93 48 42 27 65 29 8 69 58 28 28 20 61 55
44 10 418 50 87 58 69 23 50 22 16 44 6 68 76 47 71 53 6 16 52 42 17
45 10 409 28 49 85 85 77 64 56 89 19 57 27 28 25 49 78 98 16 21 3 83
46 10 568 97 54 81 19 7 87 34 58 86 76 26 13 76 10 49 4 74 4 44 44
47 10 495 60 70 71 36 70 100 33 86 21 87 20 69 41 1 87 99 73 8 24 100
48 10 461 34 88 75 43 36 79 68 91 74 63 2 44 86 37 13 85 21 50 57 59
49 10 583 70 25 51 22 64 49 60 88 9 83 87 42 22 61 36 9 91 56 99 65
