0 10 441 42 68 56 83 39 59 87 76 67 60 97 86 91 48 4 63 33 91 73 97
1 10 467 28 13 83 79 26 95 91 37 89 27 21 9 82 55 99 92 93 75 11 4
2 10 247 23 48 95 22 51 57 6 41 30 2 20 42 36 50 19 30 41 55 9 81
3 10 400 33 81 89 66 87 88 57 79 14 19 83 88 67 29 9 17 85 14 10 14
4 10 340 67 29 7 2 79 25 83 71 31 43 3 63 23 44 28 61 37 39 96 55
5 10 261 73 35 21 1 43 90 38 8 51 3 26 79 10 27 9 86 61 31 17 3
6 10 369 34 79 77 77 59 37 95 27 6 49 52 40 22 4 11 41 93 61 44 18
7 10 463 91 5 96 52 90 56 82 6 10 15 37 86 43 95 22 53 89 100 58 37
8 10 399 51 49 58 55 34 20 95 26 32 90 75 94 90 26 84 97 7 41 6 74
9 10 303 77 91 68 23 64 21 11 16 30 100 66 79 9 72 29 19 42 12 8 36
10 10 468 86 54 78 63 89 26 22 29 32 95 58 74 62 80 90 34 43 5 64 42
11 10 404 22 94 50 94 57 30 12 98 94 71 86 31 24 15 40 15 93 23 61 2
12 10 354 49 74 33 90 60 75 46 23 16 67 18 12 24 99 75 22 92 46 59 23
13 10 363 21 25 68 85 64 34 29 39 46 30 39 19 62 28 78 89 73 52 4 91
14 10 357 19 73 3 43 72 29 16 15 26 74 37 47 98 4 83 13 89 11 34 92
15 10 379 41 5 5 68 82 93 92 86 97 83 4 21 37 46 44 65 61 59 43 86
16 10 344 47 89 35 3 23 100 91 85 2 25 76 43 29 80 62 62 73 54 21 36
17 10 309 51 93 24 48 37 40 9 95 82 46 41 22 81 43 44 80 34 28 10 55
18 10 423 75 38 35 37 99 59 42 46 79 29 48 71 52 95 7 91 55 53 73 1
19 10 350 46 94 81 88 90 12 73 69 44 82 24 19 19 58 7 70 16 48 67 46
20 10 435 76 14 68 79 60 75 69 15 79 93 67 24 39 99 64 80 10 36 48 5
21 10 395 70 71 23 40 80 29 9 47 28 75 92 3 40 60 81 52 86 2 18 64
22 10 299 46 84 40 84 82 3 63 43 38 11 47 7 33 22 13 2 7 59 30 34
23 10 328 3 32 73 62 65 76 47 18 93 62 63 76 1 47 9 3 61 3 23 2
24 10 357 51 56 23 49 20 24 56 78 5 41 80 89 65 93 53 41 91 70 33 53
25 10 330 32 61 5 30 21 8 91 24 52 65 25 2 20 99 51 39 74 58 69 79
26 10 474 98 100 67 62 93 71 2 83 92 87 87 75 47 92 5 67 51 47 90 2
27 10 247 11 66 55 83 16 5 21 90 14 41 20 11 93 38 73 85 8 26 19 51
28 10 306 12 58 25 58 1 81 77 51 27 18 4 90 84 58 72 51 15 44 92 28
29 10 406 85 11 91 77 48 63 13 7 40 83 9 52 34 61 92 14 37 42 93 55
30 10 414 97 82 90 7 53 92 73 96 84 100 32 94 60 94 4 72 52 96 7 61
31 10 393 47 98 46 59 90 59 48 83 3 54 80 84 95 38 36 86 10 84 69 61
32 10 234 15 15 51 75 8 6 98 11 1 4 23 99 2 68 10 43 79 57 25 81
33 10 397 62 4 65 56 93 52 41 2 35 62 63 2 76 65 28 35 22 25 45 23
34 10 436 81 68 73 34 87 34 76 65 90 100 46 3 56 62 58 100 13 51 2 100
35 10 280 12 16 1 87 80 28 73 1 4 17 75 36 36 100 21 75 33 96 39 75
36 10 357 48 36 77 55 97 35 54 10 37 7 9 48 22 61 86 53 40 58 6 43
37 10 322 26 32 31 14 51 88 16 99 90 98 62 18 52 58 4 57 19 40 79 87
38 10 453 89 39 72 94 78 81 99 73 7 30 3 20 13 5 59 28 84 69 100 97
39 10 348 86 3 7 90 12 77 29 27 56 68 67 46 91 60 76 72 10 48 30 92
40 10 298 2 1 4 6 59 83 9 94 51 60 43 36 63 49 77 26 58 52 32 25
41 10 391 70 30 67 82 5 90 91 4 19 82 37 62 77 19 22 71 69 82 65 57
42 10 390 96 13 33 21 41 90 24 25 66 93 54 33 74 58 22 17 13 93 98 17
43 10 331 11 35 30 40 53 52 62 74 33 26 28 90 100 30 4 23 54 69 67 59
44 10 349 53 41 68 27 57 80 19 6 48 81 92 78 72 45 29 33 18 61 10 99
45 10 435 40 51 60 39 81 63 13 86 84 79 45 36 19 12 62 27 92 32 85 39
46 10 373 65 76 16 36 72 96 21 41 56 30 39 47 81 99 37 13 13 49 98 96
47 10 234 28 94 32 98 6 45 25 49 29 61 39 93 36 7 60 2 48 100 10 30
48 10 409 39 56 62 89 93 74 53 93 23 49 20 17 32 18 74 28 94 22 56 54
49 10 328 60 100 41 66 28 100 20 27 52 29 8 42 84 69 82 28 42 34 21 17
