0 10 297 42 86 82 100 62 14 40 3 19 83 38 59 59 53 76 61 80 79 97 51
1 10 304 55 7 80 95 10 51 92 84 42 87 44 36 72 26 35 33 91 74 87 9
2 10 170 9 25 68 67 29 95 27 8 25 24 11 80 30 90 26 39 40 18 75 34
3 10 200 4 18 69 27 95 3 59 86 29 98 46 37 22 65 3 2 12 81 62 36
4 10 210 4 72 15 85 61 41 76 1 10 50 86 65 19 54 91 66 8 1 51 36
5 10 214 98 48 24 71 13 78 25 24 59 86 14 57 26 99 17 18 74 69 79 75
6 10 293 54 43 93 59 33 10 67 85 60 54 83 60 78 5 72 7 29 47 17 14
7 10 233 5 31 22 82 81 39 51 6 59 29 80 65 71 24 23 55 34 89 40 45
8 10 271 95 74 4 24 78 27 30 7 73 99 72 30 29 94 11 61 84 62 66 94
9 10 257 90 97 58 13 20 81 67 5 21 6 2 15 79 57 38 9 84 20 56 18
10 10 224 38 37 98 83 48 58 18 61 75 12 2 71 21 14 42 1 33 47 74 38
11 10 331 100 88 69 56 78 77 39 49 95 47 66 84 83 15 19 82 72 36 42 98
12 10 237 99 44 68 20 9 9 72 41 7 45 31 58 85 99 14 14 27 4 62 73
13 10 163 2 27 56 37 41 74 18 64 62 12 61 60 7 80 31 15 40 55 8 47
14 10 284 51 38 56 35 88 69 48 66 25 9 38 26 87 93 62 79 19 32 94 80
15 10 207 43 54 39 1 33 22 67 73 76 74 71 26 11 26 13 50 47 12 15 71
16 10 236 21 4 48 59 49 62 38 67 93 31 46 87 37 36 87 21 9 5 45 36
17 10 189 79 67 14 41 45 26 91 91 37 57 13 9 12 20 61 73 9 79 17 39
18 10 228 24 3 27 11 41 48 20 46 44 7 76 11 16 55 45 58 97 34 67 61
19 10 267 94 79 72 13 91 45 21 69 61 12 44 16 38 54 8 37 25 53 81 32
20 10 253 28 43 51 96 49 48 53 45 81 19 57 74 87 39 24 7 7 37 70 50
21 10 242 52 8 56 59 96 80 64 76 63 43 70 14 38 18 13 43 14 93 18 62
22 10 266 98 4 52 73 63 59 9 32 60 60 91 67 71 87 47 34 14 61 28 84
23 10 200 26 66 53 38 8 67 30 20 88 100 33 37 55 85 10 69 43 18 54 30
24 10 288 43 21 81 19 85 95 79 12 30 5 29 34 94 36 52 76 8 40 75 40
25 10 281 76 29 24 85 98 18 3 50 72 32 44 44 83 25 62 19 71 92 30 52
26 10 219 48 59 85 42 46 89 17 5 28 43 45 55 71 68 40 20 38 94 21 61
27 10 218 77 65 4 59 89 65 11 8 58 62 56 68 98 49 14 86 17 18 13 59
28 10 299 14 68 81 34 59 53 71 52 73 31 28 37 86 38 77 50 87 9 23 100
29 10 265 16 91 98 64 56 83 32 73 48 90 39 67 23 72 77 75 94 28 47 76
30 10 233 7 36 61 96 12 62 9 99 70 31 98 86 73 47 1 28 82 33 53 29
31 10 164 74 91 47 96 14 23 22 59 2 21 34 60 56 94 55 67 7 15 17 28
32 10 309 97 67 65 70 13 66 49 94 50 1 74 23 91 72 71 56 94 92 14 47
33 10 247 64 47 58 19 92 64 38 50 30 54 78 27 20 42 48 33 59 48 8 49
34 10 350 52 31 91 23 53 47 69 96 60 67 59 25 78 2 88 67 70 21 81 48
35 10 244 40 22 95 24 81 94 2 88 42 53 70 33 27 74 31 95 62 29 38 58
36 10 232 54 77 25 57 46 97 37 93 36 58 39 12 90 33 13 30 74 17 51 58
37 10 255 43 25 88 90 94 82 3 74 33 40 83 86 16 7 42 62 55 30 54 91
38 10 254 88 45 54 29 77 66 10 2 34 61 60 28 85 99 17 30 80 19 3 65
39 10 222 10 85 50 78 44 44 39 98 73 44 40 12 93 41 16 58 18 43 62 29
40 10 329 71 46 79 87 75 11 58 29 67 14 76 44 9 19 34 6 92 30 98 55
41 10 205 69 90 47 37 49 54 42 10 34 12 8 12 51 82 22 60 63 48 26 28
42 10 307 24 22 36 42 7 93 85 88 90 40 57 32 38 93 83 86 98 24 96 31
43 10 294 88 3 94 90 36 68 49 50 15 26 77 38 47 64 32 6 57 16 93 98
44 10 240 7 1 81 45 45 63 82 42 39 77 24 78 31 18 67 19 37 15 68 51
45 10 319 40 45 89 39 8 20 96 16 87 88 66 94 98 90 33 61 71 27 51 100
46 10 336 2 28 30 19 94 48 55 60 68 58 99 12 98 89 71 17 84 39 72 4
47 10 243 12 53 41 96 13 12 74 15 63 76 42 44 46 35 92 53 94 59 10 45
48 10 365 22 7 85 44 75 69 82 81 92 37 81 55 90 21 50 54 84 76 69 46
49 10 301 51 10 90 96 97 33 48 90 43 9 86 16 15 71 59 41 91 41 22 82
