0 10 199 60 687 8 703 80 835 41 747 84 671 20 268 31 718 1 69 33 321 40 322
1 10 292 33 753 63 728 88 830 85 25 30 883 66 241 22 73 43 1 60 136 95 806
2 10 263 19 162 88 88 15 109 20 435 48 241 67 701 55 247 84 483 64 266 66 581
3 10 256 6 639 1 991 65 936 90 159 93 461 21 780 48 787 88 468 60 739 40 615
4 10 227 85 727 98 820 43 615 37 523 21 175 28 273 65 144 8 607 3 652 67 975
5 10 311 83 966 61 23 85 333 10 845 71 449 59 408 27 808 69 423 63 344 95 289
6 10 246 71 167 53 367 26 411 69 377 29 995 59 795 55 181 79 439 42 775 9 190
7 10 306 33 268 17 41 46 537 63 960 80 357 48 103 75 53 69 600 89 976 92 483
8 10 285 34 438 89 667 68 27 8 143 87 950 75 507 66 767 52 554 81 312 11 888
9 10 209 63 963 8 762 26 196 37 69 30 223 6 618 41 873 96 648 15 234 97 742
10 10 214 92 614 8 444 20 441 7 305 29 17 32 899 53 757 46 390 77 475 64 682
11 10 228 92 204 6 439 51 273 24 800 66 116 65 225 11 284 17 588 94 385 31 285
12 10 252 16 381 37 824 26 678 41 33 43 196 91 533 99 915 57 198 80 672 14 504
13 10 283 34 950 21 950 89 914 86 20 50 402 52 838 77 578 68 929 29 860 61 324
14 10 238 56 603 54 517 64 3 96 435 16 652 68 617 72 669 6 437 7 877 38 460
15 10 238 28 175 36 557 42 964 38 254 77 461 9 879 68 762 96 432 64 543 18 431
16 10 210 46 938 48 717 6 905 5 664 81 842 23 760 69 159 62 474 15 750 66 323
17 10 325 81 285 36 728 16 551 70 934 82 168 71 381 84 828 85 741 92 65 34 614
18 10 234 76 302 24 844 16 598 49 430 99 266 5 31 51 892 58 266 43 380 47 421
19 10 218 56 782 49 440 22 92 8 705 31 109 81 875 76 778 23 306 28 141 62 859
20 10 356 91 653 16 308 95 347 59 870 93 631 77 27 31 816 100 322 71 707 79 54
21 10 258 68 559 28 43 88 802 67 294 13 725 84 466 93 644 12 39 54 134 10 310
22 10 235 15 678 9 36 68 766 53 435 76 680 29 363 34 529 30 127 93 306 63 158
23 10 257 98 106 22 389 59 907 24 794 68 333 8 445 93 896 45 512 61 897 37 929
24 10 258 27 51 62 7 32 240 99 938 2 209 87 159 82 675 69 888 50 263 7 734
25 10 320 70 452 27 17 48 490 78 844 88 366 24 914 68 237 72 400 77 970 89 530
26 10 267 30 975 89 511 2 157 50 51 19 757 85 541 60 763 57 507 52 586 91 303
27 10 290 26 656 71 62 27 822 90 249 10 420 78 484 8 641 85 616 88 35 98 672
28 10 319 75 57 86 483 63 37 69 617 28 371 42 83 93 855 62 614 97 610 23 516
29 10 279 39 959 75 379 95 590 21 682 76 970 5 902 27 490 85 941 79 805 57 658
30 10 262 27 350 40 320 57 453 85 653 62 760 20 153 18 494 83 864 35 355 98 411
31 10 197 25 602 12 703 44 48 43 322 52 552 79 379 53 70 50 161 23 334 13 936
32 10 277 45 684 88 514 29 323 78 964 77 275 26 1 28 389 3 671 89 698 92 640
33 10 208 1 970 70 205 92 419 66 914 5 530 14 641 15 742 63 144 57 639 34 992
34 10 262 97 523 46 20 11 743 2 695 33 672 24 442 65 989 98 794 89 799 59 829
35 10 192 13 101 43 356 9 782 25 643 73 517 70 492 79 265 3 480 59 187 10 262
36 10 153 45 474 2 842 20 790 40 978 71 204 30 113 11 939 46 35 33 370 8 449
37 10 181 40 351 27 804 5 458 14 391 61 324 4 257 49 605 98 120 47 90 17 645
38 10 310 79 181 56 169 27 942 1 148 87 152 42 356 89 308 99 649 83 102 57 131
39 10 232 59 706 3 805 95 52 73 792 30 53 47 451 31 640 79 441 4 17 44 34
40 10 330 59 299 74 518 97 722 51 978 82 909 84 584 65 830 35 937 73 917 41 671
41 10 266 67 172 11 269 50 103 24 166 46 810 76 696 83 893 45 957 44 295 86 726
42 10 239 55 321 61 619 3 648 75 564 95 146 82 418 8 902 67 910 26 85 7 487
43 10 252 12 2 69 57 46 677 40 963 77 646 83 890 64 785 37 170 60 452 17 757
44 10 234 85 186 64 986 5 825 63 189 31 149 52 132 70 408 30 546 60 669 8 436
45 10 255 67 143 77 930 27 213 52 538 16 220 94 100 5 209 38 509 85 100 49 867
46 10 304 1 401 51 470 8 280 67 719 75 507 66 17 83 896 95 748 99 833 63 918
47 10 252 78 215 74 39 52 183 23 103 31 290 3 983 92 172 43 271 39 861 70 765
48 10 297 67 536 33 550 83 427 97 481 11 411 50 441 77 775 79 980 57 253 40 894
49 10 175 85 874 9 16 55 199 77 725 15 243 12 447 44 394 25 792 26 188 3 327
