0 10 255 76 16 90 33 10 7 41 13 96 10 65 28 19 30 64 40 30 32 20 37
1 10 244 100 35 37 8 68 40 62 38 5 38 32 13 45 21 55 20 39 7 46 23
2 10 264 26 16 44 9 75 33 81 6 22 12 32 38 71 39 69 12 88 14 21 20
3 10 261 6 6 92 22 72 3 58 30 89 23 12 34 70 15 3 4 79 35 41 12
4 10 173 18 33 10 8 23 30 71 11 3 4 30 28 61 13 21 12 16 38 93 16
5 10 308 32 36 70 1 62 4 96 40 10 29 92 19 61 13 66 3 82 28 45 37
6 10 319 31 34 44 31 99 17 74 14 94 26 21 18 90 10 82 25 78 14 26 26
7 10 167 17 24 26 21 21 40 2 21 5 10 43 30 86 26 28 2 59 33 47 37
8 10 253 14 24 49 35 54 23 72 31 8 17 96 4 53 13 44 33 32 37 85 16
9 10 301 87 8 66 24 13 25 25 11 38 31 99 31 47 8 57 40 82 28 89 37
10 10 217 29 4 1 27 53 12 55 18 20 13 65 25 16 17 81 12 99 18 15 10
11 10 227 20 1 97 9 60 30 56 13 18 32 21 1 39 25 52 25 2 23 90 18
12 10 279 7 17 94 40 49 4 57 15 93 9 75 21 34 2 64 26 39 36 46 31
13 10 189 7 18 61 31 21 18 24 4 47 1 2 15 86 1 55 22 50 9 26 10
14 10 260 43 7 86 28 88 29 5 39 96 22 1 15 19 22 77 20 71 21 35 29
15 10 275 93 16 23 31 77 38 12 18 98 37 7 21 55 12 68 35 92 5 25 40
16 10 272 26 5 46 17 38 2 36 8 74 10 76 27 57 31 49 33 80 20 62 17
17 10 256 48 28 17 35 11 37 49 15 61 13 94 18 39 34 87 12 21 26 86 22
18 10 287 74 4 99 36 52 23 55 23 45 31 62 12 100 16 23 16 16 17 48 40
19 10 239 22 17 89 32 71 27 23 31 24 20 33 9 63 3 66 25 78 40 9 1
20 10 274 94 21 60 21 95 27 77 31 68 4 30 8 7 12 34 29 43 30 41 7
21 10 181 58 15 9 34 21 25 63 32 34 3 45 6 82 26 28 34 22 33 1 5
22 10 329 55 9 71 6 94 11 43 6 65 18 86 38 70 31 60 1 96 35 18 21
23 10 279 16 15 96 40 73 8 60 37 22 40 59 40 66 21 79 40 4 37 84 1
24 10 243 94 33 70 16 45 2 51 19 11 11 46 5 2 1 44 34 61 36 62 34
25 10 235 27 32 65 12 33 24 64 28 100 7 40 13 32 21 49 16 54 11 6 5
26 10 206 2 11 49 15 44 5 29 36 52 30 41 18 62 6 70 26 33 5 31 24
27 10 270 44 14 36 24 41 9 95 6 53 8 49 14 2 12 50 30 99 1 72 19
28 10 285 78 25 44 39 82 4 83 6 95 6 41 39 79 16 20 16 28 37 21 15
29 10 276 65 34 77 16 75 18 6 35 29 25 52 13 40 3 46 4 85 11 78 30
30 10 253 3 28 81 38 50 40 46 9 16 26 4 33 91 20 88 5 89 6 39 18
31 10 269 90 2 82 21 44 28 16 29 94 10 93 33 10 2 14 1 67 3 29 24
32 10 274 46 21 74 37 90 25 45 20 34 6 22 8 67 17 47 2 97 8 27 7
33 10 289 80 40 88 14 5 1 72 27 29 36 44 1 81 40 92 11 37 29 50 2
34 10 220 74 3 41 20 40 27 36 35 14 6 91 22 11 36 54 23 42 2 38 18
35 10 187 74 30 9 5 40 25 53 22 19 19 16 19 18 35 46 3 43 32 56 29
36 10 231 85 29 40 20 14 22 74 27 11 11 20 20 71 17 72 36 41 25 34 19
37 10 326 80 24 89 27 41 11 81 12 25 28 93 10 49 24 62 37 66 29 67 8
38 10 291 28 38 99 16 21 14 57 17 75 9 42 3 55 23 46 15 70 2 90 31
39 10 284 70 33 72 4 29 9 92 7 17 39 97 35 35 37 80 23 54 10 22 3
40 10 197 32 8 5 9 14 3 98 7 44 21 9 37 4 12 97 32 83 16 8 33
41 10 204 92 34 39 8 53 21 13 34 98 26 57 1 9 6 15 38 11 18 21 39
42 10 292 41 24 75 25 46 30 92 18 61 18 37 1 70 37 85 4 66 31 12 18
43 10 278 83 4 6 21 91 16 25 21 53 5 79 26 60 33 30 5 75 33 54 7
44 10 234 90 22 59 12 11 4 67 36 14 38 26 8 53 23 8 3 98 12 43 31
45 10 225 28 1 48 27 26 9 43 40 53 37 38 3 97 6 40 4 76 25 1 32
46 10 288 5 3 60 28 81 23 42 23 71 3 82 17 40 30 91 22 48 8 56 5
47 10 360 76 13 33 27 88 40 71 40 60 35 97 14 86 4 74 28 37 28 98 39
48 10 187 89 27 38 38 58 28 12 5 8 19 41 23 32 25 2 39 84 4 11 35
49 10 210 98 7 89 3 2 22 11 38 22 40 10 26 26 40 75 26 23 31 65 21
