0 10 239 55 35 25 13 68 21 58 23 26 76 59 93 5 48 44 35 77 100 62 50
1 10 268 38 36 21 77 62 67 56 49 58 62 83 34 26 3 54 84 77 60 61 53
2 10 223 70 53 57 17 48 91 74 24 43 87 26 80 23 98 9 84 64 16 32 73
3 10 230 29 67 58 55 21 11 90 97 23 50 49 92 3 58 61 50 100 34 26 42
4 10 248 20 51 74 94 82 29 64 97 13 88 25 31 46 31 51 8 99 30 22 48
5 10 278 74 24 57 34 25 56 19 2 98 90 52 71 84 4 4 64 67 52 76 6
6 10 152 28 6 51 59 8 59 30 7 40 51 6 13 26 62 46 51 17 16 52 66
7 10 252 6 56 88 41 11 91 4 29 42 32 34 70 89 85 80 97 95 9 55 34
8 10 257 60 12 99 85 73 96 87 41 12 39 7 17 46 94 9 56 37 12 84 30
9 10 286 95 69 51 84 53 30 32 99 39 38 33 98 49 83 82 21 78 21 61 89
10 10 281 11 19 57 56 65 65 63 1 29 98 82 23 66 33 58 71 62 89 69 100
11 10 198 26 53 49 74 35 83 46 13 3 59 53 13 29 62 68 93 82 45 6 31
12 10 291 27 81 96 11 38 18 72 27 87 24 4 39 30 26 54 27 90 56 85 42
13 10 220 68 14 55 87 58 81 20 55 38 50 33 18 98 43 56 15 14 34 1 37
14 10 253 89 92 9 18 69 14 97 58 70 81 51 89 46 6 28 56 38 47 10 75
15 10 278 49 42 45 46 84 52 12 49 85 13 86 25 56 46 95 24 11 91 33 32
16 10 245 23 83 73 69 40 100 76 77 98 85 4 46 26 48 43 61 99 55 9 35
17 10 225 19 46 11 26 43 5 1 54 95 33 85 70 67 57 38 7 8 13 83 6
18 10 259 49 38 3 74 37 98 86 87 4 94 21 74 92 84 99 34 88 99 39 35
19 10 221 83 24 4 49 32 93 7 92 57 42 49 5 79 51 30 16 100 15 2 3
20 10 205 60 75 28 51 10 26 37 97 76 75 83 10 50 38 11 82 30 17 25 38
21 10 259 10 73 94 89 75 23 56 75 89 9 29 1 35 57 3 44 34 39 93 62
22 10 260 66 75 71 15 13 33 48 94 50 72 84 59 44 77 99 19 6 45 40 15
23 10 246 73 92 1 81 95 45 15 85 37 28 50 63 98 17 27 31 64 21 32 88
24 10 332 56 42 83 32 93 1 98 97 23 64 22 66 65 2 60 61 68 97 97 95
25 10 299 46 11 45 14 38 75 78 10 58 17 65 99 99 96 43 52 79 41 48 53
26 10 196 56 69 18 72 23 30 32 42 26 80 37 23 91 33 28 59 66 37 16 82
27 10 142 1 66 80 48 9 31 26 1 79 78 8 99 48 80 21 77 11 63 2 43
28 10 260 51 24 33 35 12 60 93 77 48 8 58 100 25 38 47 85 68 73 85 46
29 10 246 2 45 97 49 24 17 77 86 31 78 28 33 54 12 67 65 71 11 42 70
30 10 271 70 51 69 95 88 16 79 56 40 16 53 93 12 49 42 35 18 70 72 100
31 10 268 52 85 53 63 3 69 86 14 62 55 83 13 24 29 91 8 7 30 75 60
32 10 231 22 86 60 15 72 77 37 43 29 36 46 13 40 9 15 8 94 80 48 63
33 10 334 86 23 91 37 65 50 44 94 76 55 68 61 14 34 84 43 70 79 71 5
34 10 262 24 35 44 32 49 4 77 29 43 62 99 33 98 64 35 93 9 10 47 28
35 10 269 23 61 62 6 55 83 36 25 88 60 59 83 43 59 38 20 39 66 96 81
36 10 274 27 46 66 77 61 100 69 70 9 68 49 31 28 10 89 34 93 24 58 32
37 10 255 35 68 66 30 78 56 49 69 21 96 1 48 93 66 76 54 17 44 75 78
38 10 283 63 23 60 90 85 48 75 77 24 84 10 51 77 39 81 32 39 49 53 34
39 10 173 1 52 27 19 32 35 22 6 64 85 28 24 26 12 23 1 40 98 84 51
40 10 183 8 87 28 46 19 59 37 19 63 22 14 48 40 31 24 14 36 87 98 16
41 10 291 10 75 27 85 75 19 82 11 69 89 97 48 87 67 7 23 85 21 44 3
42 10 323 35 44 92 26 74 15 39 62 53 88 77 63 63 3 99 37 73 80 42 69
43 10 234 47 89 55 13 29 97 20 72 52 54 67 43 79 93 9 70 54 61 57 30
44 10 217 75 19 84 73 8 57 53 6 50 21 5 90 27 17 89 7 14 8 30 17
45 10 229 61 97 59 91 89 67 12 94 79 69 23 54 39 58 26 98 14 78 56 15
46 10 284 50 60 57 28 76 45 34 41 52 64 64 12 67 6 85 18 45 64 38 19
47 10 224 17 76 76 94 74 42 72 29 8 73 88 64 1 15 86 8 11 1 16 26
48 10 185 12 83 32 63 19 1 59 34 38 77 2 65 53 96 46 19 18 53 91 57
49 10 344 17 43 72 76 29 79 87 81 46 12 93 28 95 7 99 47 66 32 84 42
