0 10 423 47 12 32 61 190 53 12 45 95 39 60 98 132 34 157 83 58 89 64 85
1 10 541 121 84 116 13 59 74 109 73 153 47 188 52 58 19 164 47 71 75 44 65
2 10 403 166 55 114 97 41 23 32 50 111 47 34 31 131 49 43 41 122 3 13 27
3 10 532 149 52 130 59 170 93 157 40 19 100 156 84 7 21 33 99 195 16 48 5
4 10 521 62 81 87 44 181 81 36 54 135 48 32 36 199 61 194 20 5 50 111 24
5 10 622 102 18 159 60 191 43 58 85 158 5 42 72 137 80 115 69 161 51 122 47
6 10 376 150 6 82 1 18 75 20 23 25 83 46 78 100 56 137 90 99 94 75 56
7 10 471 50 16 27 86 147 94 54 7 44 27 154 45 184 87 197 2 62 69 24 38
8 10 557 51 21 115 50 176 51 40 74 196 66 82 45 133 8 182 79 1 35 138 96
9 10 512 113 43 93 97 29 89 98 42 57 73 79 7 145 9 68 47 200 94 142 65
10 10 631 175 38 149 82 119 79 35 5 116 82 170 10 74 66 139 63 115 32 171 87
11 10 478 163 78 31 59 86 98 6 85 143 99 101 17 37 49 199 7 179 85 12 95
12 10 460 166 81 4 92 198 94 154 64 26 24 2 40 153 32 190 81 3 26 24 54
13 10 523 78 40 42 78 90 48 57 26 111 51 192 43 106 83 152 88 55 29 163 56
14 10 375 68 68 87 65 57 68 20 35 143 25 112 82 66 90 124 65 46 49 28 48
15 10 428 92 70 53 26 62 4 113 68 132 28 124 51 95 62 16 3 81 87 89 23
16 10 558 11 1 57 28 190 80 192 87 80 19 134 72 41 38 197 54 94 62 121 77
17 10 381 41 44 128 87 6 95 141 86 81 30 61 43 30 17 70 71 48 61 157 27
18 10 421 32 42 50 24 179 47 77 24 60 49 1 52 145 28 138 2 22 78 139 54
19 10 444 107 99 96 88 115 65 10 14 177 66 41 8 159 42 31 90 40 59 113 99
20 10 447 8 13 150 52 192 39 53 13 117 43 18 75 142 13 63 8 29 72 122 6
21 10 569 190 14 13 100 155 96 189 47 6 54 45 13 166 47 116 10 185 20 74 53
22 10 560 63 92 28 4 156 42 163 85 65 36 190 6 149 2 106 56 46 2 155 99
23 10 513 198 19 17 96 35 26 33 6 199 85 168 42 64 23 57 86 182 74 73 71
24 10 523 79 22 124 36 29 73 134 82 179 84 131 97 200 27 83 77 59 89 28 95
25 10 560 156 69 159 31 66 67 68 99 40 40 169 71 113 93 158 41 117 91 74 47
26 10 446 27 5 143 78 31 78 55 41 166 34 135 73 102 45 103 20 12 22 118 3
27 10 308 62 39 25 26 83 83 67 51 92 97 51 96 91 29 78 68 35 18 33 68
28 10 480 53 58 121 49 112 40 60 34 110 15 47 100 39 72 182 21 190 32 46 82
29 10 668 80 48 129 70 76 7 190 10 124 22 177 28 79 98 143 89 188 76 150 2
30 10 498 22 49 41 45 182 13 135 65 10 68 144 58 96 66 133 2 55 95 178 28
31 10 491 171 5 59 20 81 1 61 69 176 10 70 49 62 93 40 75 179 57 84 46
32 10 540 93 42 65 26 95 71 20 72 99 42 177 57 114 9 157 74 77 84 183 99
33 10 488 32 93 112 76 185 38 55 41 174 52 40 66 145 57 43 40 127 14 63 77
34 10 612 156 39 133 21 41 94 28 24 176 26 107 69 190 35 153 27 141 45 100 92
35 10 488 184 18 37 92 160 28 71 74 90 47 81 81 132 1 80 72 46 59 96 21
36 10 580 185 54 141 26 88 45 52 28 189 4 72 25 173 60 116 32 87 38 57 28
37 10 568 185 89 160 16 141 91 39 86 50 34 159 86 40 99 111 27 144 14 107 84
38 10 296 17 78 8 89 37 76 73 75 13 81 2 49 170 14 16 62 104 55 153 40
39 10 617 158 38 179 56 48 6 151 14 164 35 82 41 194 23 129 21 95 3 34 27
40 10 562 156 34 96 69 150 10 173 56 109 25 95 66 15 74 73 14 131 76 127 46
41 10 517 162 9 186 7 31 14 128 77 68 13 3 23 198 51 44 47 160 16 54 20
42 10 498 92 49 37 58 174 61 72 56 188 50 101 49 158 86 8 40 151 35 16 70
43 10 543 47 71 144 44 21 87 143 32 154 48 151 98 96 39 55 21 199 78 76 87
44 10 370 28 76 87 37 13 94 77 15 180 44 84 26 14 28 22 86 166 16 69 20
45 10 534 15 71 117 11 109 23 83 60 1 59 198 28 86 84 164 99 130 92 165 9
46 10 531 36 1 87 1 180 60 139 45 175 7 64 89 178 32 51 38 55 34 97 55
47 10 621 44 94 34 29 178 97 179 59 189 44 167 76 144 53 176 23 112 66 19 38
48 10 520 73 83 179 50 166 81 87 72 114 36 178 9 29 11 38 58 160 68 16 100
49 10 476 111 83 75 6 187 2 80 99 68 99 136 92 133 66 93 98 47 31 22 12
