0 10 3604 993 75 463 44 584 91 674 69 453 68 720 33 782 91 999 64 730 27 810 46
1 10 2194 402 52 991 69 904 56 738 19 13 90 376 5 317 90 48 52 180 22 420 85
2 10 1665 41 91 17 75 781 68 490 62 594 99 308 95 502 50 216 5 106 5 276 70
3 10 3097 647 51 826 15 193 74 918 24 947 89 708 39 179 77 513 59 444 55 820 89
4 10 2732 653 79 736 55 481 51 911 38 607 86 407 5 189 32 919 81 457 36 104 3
5 10 2342 524 64 94 2 240 6 12 35 960 84 775 65 14 10 471 46 812 81 783 19
6 10 1473 567 41 23 7 125 94 487 81 129 42 336 5 105 29 706 96 386 70 82 98
7 10 2225 605 57 662 18 366 84 464 78 216 98 948 34 139 22 240 15 615 26 195 96
8 10 1539 20 82 100 76 310 57 172 48 226 53 745 82 109 58 800 27 241 15 356 56
9 10 3021 564 3 590 54 976 29 668 43 907 63 38 78 96 89 753 6 645 24 805 23
10 10 2053 529 49 404 89 306 55 815 46 521 70 353 85 824 42 138 52 123 58 94 81
11 10 2901 20 83 658 67 971 10 872 67 686 28 189 66 576 45 554 81 499 21 778 72
12 10 2318 890 83 456 66 424 45 217 98 102 62 630 73 496 87 940 66 49 63 432 34
13 10 2593 191 73 299 18 917 4 999 67 924 28 138 66 610 45 231 86 242 99 635 95
14 10 2314 812 65 168 7 551 59 124 51 621 7 36 63 879 86 281 47 890 31 266 13
15 10 2824 110 55 978 20 700 60 457 93 710 91 987 73 355 6 179 58 964 54 208 37
16 10 2799 561 44 99 91 929 31 938 18 361 55 983 23 309 12 542 60 224 50 652 33
17 10 2183 440 91 158 47 496 36 404 60 342 63 396 2 206 46 692 87 577 81 656 89
18 10 2535 535 38 111 96 302 4 907 25 353 11 809 45 901 66 291 96 654 46 207 95
19 10 2873 8 54 896 14 800 39 700 28 920 7 368 6 345 31 353 98 834 60 522 39
20 10 3146 170 82 683 70 648 25 817 53 370 24 647 77 977 94 942 28 184 93 855 55
21 10 2302 700 75 613 96 405 65 393 38 224 14 128 45 595 62 814 94 486 83 246 7
22 10 2722 358 44 584 34 489 25 814 73 518 20 479 69 594 91 964 98 56 56 588 31
23 10 2526 621 67 376 67 229 41 513 66 523 58 273 80 354 56 566 94 732 31 866 1
24 10 2908 750 97 169 44 787 32 693 42 487 32 473 59 699 100 26 27 740 38 992 15
25 10 2900 647 16 846 52 471 11 546 55 493 63 155 43 459 24 938 46 807 30 439 46
26 10 2287 614 63 104 12 462 81 590 2 18 33 168 17 549 13 368 71 776 65 925 68
27 10 1748 28 80 510 86 755 99 83 13 429 22 558 42 136 62 705 98 142 94 151 12
28 10 2827 226 18 528 26 682 47 497 57 512 73 725 39 852 86 376 58 385 11 871 65
29 10 2620 684 28 558 19 441 62 416 35 907 66 446 84 235 25 610 17 571 58 373 34
30 10 2202 230 49 324 34 35 100 391 19 862 13 935 45 393 92 363 85 753 79 119 59
31 10 3671 696 16 494 83 592 3 551 15 912 23 948 42 724 72 575 10 971 17 880 84
32 10 2337 282 14 728 74 305 90 858 57 220 29 67 68 596 12 550 88 367 52 702 78
33 10 3242 726 49 419 49 920 45 558 42 662 37 425 43 250 52 968 54 594 77 962 65
34 10 2543 505 80 432 1 292 33 288 58 784 41 935 10 989 6 310 61 50 68 502 11
35 10 2386 656 79 5 58 782 72 811 75 149 25 892 5 856 23 457 47 8 44 156 43
36 10 2619 436 43 652 25 148 14 685 97 533 38 260 88 816 16 445 50 588 8 676 88
37 10 2286 84 67 92 39 890 49 438 49 644 93 391 80 387 95 856 86 708 40 83 40
38 10 2440 429 94 427 45 309 24 546 48 183 21 687 66 788 79 556 29 679 93 277 74
39 10 2579 938 67 105 76 413 12 562 20 851 96 359 32 41 38 228 49 713 73 949 47
40 10 3239 993 35 864 80 765 19 160 95 764 36 821 53 455 77 728 67 589 41 339 91
41 10 2401 636 49 422 76 538 49 377 50 421 77 496 66 311 59 897 28 130 57 574 45
42 10 2245 844 94 297 98 671 76 517 59 17 55 49 4 903 71 680 41 471 8 42 44
43 10 2461 84 90 9 46 600 5 525 29 313 99 973 57 844 21 454 14 997 22 124 65
44 10 1843 176 73 368 31 995 99 223 65 158 16 60 93 505 68 691 5 325 67 185 37
45 10 2236 665 10 793 9 130 99 374 78 920 98 842 48 22 62 230 68 312 4 184 70
46 10 2798 419 44 414 76 311 4 732 87 671 16 624 87 777 68 547 59 366 73 736 38
47 10 3089 770 30 85 43 491 66 510 54 469 93 975 39 936 89 514 99 844 45 585 66
48 10 3147 513 60 553 41 328 51 899 45 723 35 682 44 564 18 986 6 135 95 911 3
49 10 2539 188 86 842 75 626 7 73 69 952 10 335 16 921 39 456 100 41 55 645 64
