0 10 56 16 92 17 2 20 3 11 97 1 47 4 24 9 61 12 85 18 42 5 77
1 10 50 19 66 10 100 5 84 13 41 7 89 14 18 11 37 17 60 2 93 3 36
2 10 52 15 40 10 72 8 88 9 97 19 5 12 71 5 11 11 91 13 79 2 31
3 10 53 7 53 12 39 5 46 4 87 8 11 13 99 16 66 15 65 9 98 17 27
4 10 48 16 49 5 29 19 52 13 11 2 17 8 17 3 15 7 71 10 46 14 49
5 10 55 11 1 5 10 8 46 6 16 16 17 9 38 19 17 7 20 14 47 15 21
6 10 50 17 57 18 75 12 79 1 97 7 4 10 24 13 37 5 96 14 57 3 92
7 10 56 9 37 18 63 7 19 1 23 16 2 19 35 17 68 10 21 13 77 2 4
8 10 52 9 40 7 81 15 18 14 35 4 65 12 57 19 58 17 53 5 95 3 97
9 10 51 12 31 5 85 14 53 4 72 15 46 3 1 18 65 11 66 8 87 13 71
10 10 64 6 28 19 49 18 83 14 43 8 9 15 72 16 12 4 56 20 38 9 34
11 10 45 11 32 4 17 13 77 6 20 18 11 2 45 19 76 9 86 8 46 1 83
12 10 49 1 32 2 65 11 25 19 15 3 38 18 95 14 60 10 39 8 1 13 24
13 10 49 12 68 4 57 7 90 18 89 10 41 9 83 11 7 2 60 6 71 19 31
14 10 46 16 10 1 55 2 53 18 33 13 22 10 31 3 99 12 4 11 32 7 48
15 10 49 2 93 5 30 6 76 7 37 17 19 11 63 16 40 12 60 13 53 10 75
16 10 43 3 13 19 94 4 17 1 57 9 58 6 27 13 72 14 29 2 46 15 84
17 10 62 17 50 16 89 1 88 13 3 15 96 5 89 19 61 9 67 18 53 11 76
18 10 46 9 36 16 93 10 54 5 30 2 60 3 24 6 58 18 70 8 30 15 50
19 10 62 16 19 17 86 14 5 13 2 10 82 15 9 19 36 9 98 6 90 5 34
20 10 53 17 3 3 74 2 84 11 16 14 66 6 30 12 86 8 33 15 61 19 95
21 10 51 19 26 16 37 11 5 17 2 2 83 10 24 3 77 1 6 5 54 18 61
22 10 47 5 45 15 65 3 1 4 9 16 92 11 73 13 94 2 22 9 11 17 45
23 10 52 11 34 9 36 8 19 10 85 1 76 15 58 16 13 18 63 4 61 13 80
24 10 46 9 26 8 79 14 93 7 33 16 95 3 65 11 34 13 72 1 48 10 95
25 10 54 13 88 17 48 12 42 11 62 9 71 3 63 1 47 15 15 10 59 18 35
26 10 42 4 21 15 11 1 64 5 93 3 13 2 56 13 5 19 95 14 49 8 63
27 10 58 6 88 9 80 15 58 11 52 4 54 12 38 16 72 14 72 10 40 19 14
28 10 54 18 33 19 18 6 80 16 6 8 87 17 63 1 82 9 32 4 39 10 48
29 10 55 15 68 14 12 13 12 9 23 10 60 18 35 7 64 6 96 1 60 17 74
30 10 47 5 67 11 53 10 90 16 40 13 57 8 87 4 53 9 27 3 83 15 19
31 10 59 16 79 17 26 3 38 8 58 18 12 6 17 19 90 9 100 12 30 10 45
32 10 42 19 57 7 87 9 73 10 25 4 47 2 86 1 96 13 33 3 2 17 82
33 10 46 11 81 3 89 9 33 13 19 5 28 18 38 4 81 16 18 2 26 12 4
34 10 50 7 61 6 97 1 48 17 1 12 70 19 21 4 100 13 37 16 85 5 2
35 10 48 7 54 10 76 12 93 19 70 13 16 5 16 3 45 4 16 16 91 8 43
36 10 53 15 95 19 31 11 32 17 64 18 58 1 50 10 11 5 29 3 48 7 59
37 10 55 3 65 14 53 13 47 10 19 17 20 9 8 8 93 18 5 6 52 12 12
38 10 47 9 40 3 40 15 62 18 33 4 3 8 37 6 26 1 2 17 30 14 70
39 10 52 16 20 6 60 11 17 8 23 7 97 12 25 9 67 19 38 13 21 4 41
40 10 44 2 37 17 75 18 36 10 77 13 41 8 82 4 27 3 58 6 81 7 52
41 10 45 7 19 14 91 19 50 4 92 6 20 3 7 12 52 8 31 5 27 13 93
42 10 42 15 55 2 1 7 48 4 86 6 77 16 56 11 99 3 82 9 63 12 50
43 10 45 11 56 16 74 3 81 6 10 7 67 2 74 5 11 4 93 18 91 19 49
44 10 51 10 33 5 38 7 18 1 68 8 16 16 1 11 76 18 92 14 36 13 39
45 10 43 2 69 9 37 1 87 7 31 15 68 4 64 13 53 14 39 11 46 10 14
46 10 56 14 3 4 29 15 94 16 39 13 9 19 81 5 71 7 71 17 69 3 21
47 10 47 14 53 3 99 19 93 12 64 15 7 6 93 1 83 10 29 5 64 9 48
48 10 46 17 73 6 85 1 100 5 94 12 100 3 44 16 26 10 63 15 7 7 76
49 10 53 10 76 16 30 17 81 5 45 8 61 18 65 2 4 7 53 9 96 15 7
