0 20 500 68 43 85 30 37 88 40 5 45 56 11 85 6 2 34 84 31 77 54 84 7 92 84 13 87 41 13 39 52 81 33 89 62 21 76 53 78 12 97 33
1 20 537 23 81 90 76 67 74 6 43 79 41 49 71 84 83 61 76 95 51 80 27 83 68 41 56 43 93 33 7 42 65 81 74 7 56 40 80 13 34 58 5
2 20 392 35 80 28 18 14 88 94 61 39 73 73 40 31 28 34 76 12 92 17 29 72 42 79 34 43 19 23 48 53 55 27 71 20 14 16 80 4 40 71 29
3 20 560 31 1 8 64 76 20 56 44 79 38 34 10 71 99 52 41 73 51 94 27 77 16 47 43 83 78 98 22 48 26 49 86 15 76 5 22 72 56 53 9
4 20 465 89 14 31 87 17 71 59 68 16 38 96 31 36 38 13 13 34 61 37 61 98 4 54 25 9 29 67 49 94 49 35 11 20 46 30 87 25 18 70 15
5 20 541 30 82 2 16 94 14 52 54 64 55 42 69 32 100 78 12 19 78 58 67 65 68 38 10 49 25 96 25 17 91 23 98 92 90 44 58 97 73 90 41
6 20 484 83 90 70 47 8 48 4 74 12 23 64 73 71 88 20 47 81 36 38 55 85 29 97 28 90 77 10 41 66 3 24 7 72 70 14 71 25 40 34 47
7 20 546 55 6 17 42 77 15 74 12 52 80 97 33 76 76 22 17 32 58 70 86 33 76 9 54 42 80 78 33 65 24 87 23 92 80 99 6 5 11 10 84
8 20 533 7 42 12 82 63 28 86 46 37 7 83 69 82 92 74 75 23 3 59 87 78 45 9 69 76 8 27 80 70 88 16 76 81 27 95 54 46 41 43 52
9 20 533 23 63 86 66 37 12 88 39 71 75 17 67 35 37 95 94 15 26 63 54 41 90 34 67 99 29 73 96 21 15 29 85 61 65 48 100 56 18 74 24
10 20 432 37 61 12 31 54 27 56 17 32 97 6 66 15 56 46 39 52 66 5 3 34 39 72 50 86 72 97 28 92 57 40 22 63 18 29 79 1 77 36 66
11 20 488 44 92 63 82 95 28 39 97 40 72 87 63 21 72 86 26 27 83 5 18 91 96 65 72 35 66 48 71 83 43 14 46 25 60 8 16 94 79 6 65
12 20 521 16 83 92 98 40 61 41 87 4 45 52 75 80 69 74 2 3 17 15 100 93 74 25 7 81 92 44 74 70 1 38 38 84 81 35 75 94 27 61 97
13 20 485 24 64 23 55 84 48 56 87 16 70 86 60 43 62 66 75 54 61 48 75 62 37 12 97 70 99 71 63 77 83 11 100 47 33 82 80 9 20 30 58
14 20 508 7 24 19 25 98 24 85 97 51 46 86 62 42 55 12 12 17 89 95 27 88 93 11 94 26 42 2 46 89 84 3 96 73 20 57 49 56 53 99 2
15 20 528 38 12 43 92 76 7 60 64 53 38 3 97 100 96 22 42 50 67 82 33 21 29 91 46 47 94 56 100 44 57 89 55 51 81 30 57 92 45 9 82
16 20 458 48 5 81 95 27 74 44 45 56 28 18 36 19 63 36 17 8 91 16 51 99 57 57 1 89 39 58 80 35 18 61 34 23 42 29 1 15 24 97 22
17 20 560 4 66 58 74 28 93 90 87 35 58 89 85 14 98 85 2 88 94 81 22 12 94 56 86 87 84 38 1 59 34 75 62 52 32 31 76 77 18 62 34
18 20 470 6 98 47 55 82 48 42 28 80 64 39 25 71 24 11 6 13 64 64 98 38 78 49 69 12 80 96 88 97 9 73 54 19 61 18 2 66 50 17 4
19 20 549 74 87 79 85 92 91 48 8 89 85 85 37 5 48 16 52 88 64 60 60 70 65 31 30 3 48 69 49 24 23 86 3 7 30 45 54 37 33 90 73
20 20 453 22 46 20 89 97 59 5 56 71 74 72 1 3 26 85 46 49 84 70 23 24 29 51 68 34 39 53 75 63 26 14 16 93 18 23 15 43 46 15 97
21 20 524 71 66 34 17 66 17 38 88 90 61 68 92 80 1 82 84 75 44 9 46 78 75 61 22 44 35 36 39 2 35 3 19 85 37 8 24 26 20 92 70
22 20 580 51 44 35 71 95 95 16 24 21 29 97 65 63 32 3 95 33 89 49 3 57 19 87 45 78 11 22 97 54 91 99 97 94 33 67 40 80 35 59 64
23 20 472 77 42 18 71 26 7 71 28 15 89 59 66 80 14 82 71 13 30 64 97 49 3 28 83 17 28 45 27 43 21 68 61 44 93 19 14 72 33 55 38
24 20 557 91 20 66 70 86 47 92 50 77 7 98 77 61 26 59 29 53 3 55 95 75 74 7 18 18 25 84 90 57 38 27 99 9 45 69 94 12 95 19 71
25 20 492 93 95 31 18 5 60 22 59 66 68 34 92 75 3 9 99 86 50 8 75 29 6 84 73 26 29 15 90 76 34 60 68 80 42 37 85 53 10 95 19
26 20 499 77 28 10 51 83 70 2 20 20 61 95 48 18 30 72 44 58 86 85 33 71 44 52 51 40 87 38 49 81 8 78 61 69 80 33 14 9 93 8 8
27 20 566 11 37 79 6 47 65 90 31 35 85 83 37 21 74 75 58 8 17 52 68 85 31 62 75 64 75 91 70 23 21 37 16 24 52 86 12 73 11 87 30
28 20 538 85 94 99 36 13 83 67 74 57 82 40 89 86 82 59 61 54 85 81 91 1 84 66 4 21 77 76 32 63 58 16 8 56 4 20 38 70 45 47 51
29 20 657 97 38 91 82 71 49 94 24 34 75 66 86 10 31 89 31 60 17 14 74 74 29 82 81 84 53 70 53 98 16 55 94 53 46 27 23 46 21 99 31
30 20 327 47 64 16 56 57 38 6 73 3 79 98 84 12 78 67 65 20 62 15 26 7 67 23 33 42 21 5 40 51 3 55 67 11 1 48 58 37 44 34 48
31 20 574 73 100 64 19 71 77 85 49 83 4 23 68 45 43 24 36 94 27 90 60 37 43 34 84 80 86 88 75 47 23 51 17 28 2 62 5 68 29 1 10
32 20 425 53 36 3 79 77 14 15 19 47 50 71 78 88 58 4 10 45 2 32 48 19 29 27 72 73 88 28 40 17 80 2 21 99 43 70 65 14 68 66 84
33 20 487 98 53 41 1 63 38 3 46 37 73 26 63 96 99 50 23 90 18 2 43 38 68 47 36 10 68 52 75 35 18 58 32 22 51 85 36 40 87 82 76
34 20 517 11 59 90 6 9 39 80 99 57 33 41 94 52 39 82 13 58 85 88 93 2 45 24 76 47 8 86 46 44 13 56 3 13 11 92 61 49 76 54 42
35 20 486 27 44 75 40 2 60 94 13 23 69 88 70 29 99 55 26 42 68 82 96 69 46 59 61 90 19 9 65 24 3 44 68 77 83 21 88 61 14 1 83
36 20 509 34 88 4 62 38 59 88 32 78 21 27 98 18 37 59 7 56 19 24 31 21 67 98 98 49 18 37 61 83 37 43 69 77 47 30 14 57 69 97 86
37 20 389 41 76 83 59 12 41 17 19 60 40 50 32 6 99 81 6 18 66 51 54 61 19 30 59 1 96 67 21 44 52 14 19 34 24 31 27 40 1 38 32
38 20 473 50 69 89 49 95 17 19 12 72 24 38 54 34 90 1 100 10 44 51 23 63 37 46 45 15 38 97 4 69 47 24 57 47 73 3 63 43 15 81 15
39 20 475 90 70 20 24 59 20 23 69 15 26 43 29 14 89 73 28 78 22 83 46 68 6 54 66 31 57 28 73 60 87 12 82 58 35 40 77 10 60 92 87
40 20 560 55 20 95 45 79 72 66 61 17 85 18 70 50 48 78 29 21 100 88 59 64 21 98 61 93 59 72 36 45 26 8 96 20 52 26 91 69 38 59 53
41 20 410 56 81 2 55 58 30 75 10 69 86 73 90 22 2 46 33 34 77 51 41 25 70 92 2 13 60 40 23 64 47 3 65 1 13 28 74 14 65 55 66
42 20 494 19 56 63 51 81 96 80 31 88 56 52 31 57 16 42 48 39 5 46 93 69 47 66 26 30 80 90 27 34 7 21 96 22 69 27 4 56 82 7 87
43 20 438 39 75 28 86 65 33 32 9 53 30 66 19 7 47 50 48 74 35 6 71 76 26 49 94 45 4 2 26 63 88 64 37 67 2 1 51 33 9 56 14
44 20 542 26 74 72 73 75 19 98 9 24 68 37 49 85 37 95 29 41 96 55 55 35 18 91 1 71 43 52 3 51 7 68 29 32 39 1 58 9 98 66 32
45 20 447 17 54 33 1 43 79 30 83 74 84 89 8 53 79 8 24 21 11 78 23 69 98 3 100 88 3 57 97 52 75 80 20 12 21 22 90 50 56 15 85
46 20 506 44 22 89 22 82 64 94 92 42 69 61 39 71 12 26 26 69 74 29 95 54 49 74 65 21 96 7 22 51 21 6 95 95 46 68 76 10 62 19 3
47 20 614 82 31 41 4 43 18 29 63 92 10 57 97 58 82 13 78 77 19 99 80 56 74 38 53 93 65 62 6 83 64 87 66 91 8 26 71 22 69 80 30
48 20 452 65 89 11 77 18 40 48 68 19 91 23 44 28 76 36 92 89 42 26 53 80 91 60 22 50 85 93 71 53 24 17 13 63 46 82 2 20 83 24 15
49 20 445 62 51 50 5 40 43 30 44 75 73 3 96 22 40 45 92 64 96 61 28 58 6 9 59 10 30 84 34 44 45 46 49 88 30 18 14 54 73 28 12
