0 15 379 35 14 8 40 59 7 5 100 64 16 4 99 93 37 80 80 27 9 72 42 98 35 43 86 49 54 53 83 68 12
1 15 379 22 26 71 79 77 86 94 81 84 86 69 16 18 95 24 21 54 10 44 95 8 31 30 2 68 30 20 12 75 84
2 15 397 85 52 54 15 80 39 9 60 74 46 89 15 64 87 28 74 31 74 33 61 55 86 36 93 99 19 35 84 22 88
3 15 386 50 2 78 10 61 51 56 93 92 22 66 7 9 45 32 39 71 16 51 77 2 30 13 46 81 11 65 67 46 86
4 15 394 54 96 87 83 5 100 34 12 92 77 9 83 42 6 67 32 76 82 52 35 15 16 81 48 79 45 14 24 82 20
5 15 446 71 21 2 28 72 87 91 15 63 76 23 98 69 28 64 100 55 97 85 59 32 52 26 64 99 4 60 64 80 41
6 15 418 35 2 13 89 29 84 75 72 98 90 47 73 87 16 52 2 67 59 50 52 17 33 55 42 96 53 68 77 48 55
7 15 448 78 60 43 59 96 17 82 93 6 28 17 44 69 97 62 27 47 65 95 31 19 88 27 23 85 33 90 13 80 44
8 15 356 91 92 86 1 87 55 82 31 12 61 8 56 20 4 17 98 2 81 92 85 99 31 11 21 16 95 62 28 27 58
9 15 353 70 18 95 22 56 49 55 38 13 16 37 20 23 56 75 39 53 77 71 96 69 27 41 42 17 54 21 43 11 43
10 15 421 12 6 64 67 6 19 57 18 86 93 89 8 49 64 98 53 92 68 4 88 27 26 28 20 94 33 40 89 96 34
11 15 289 52 1 98 71 58 68 27 28 5 19 16 12 19 79 61 24 70 28 24 25 15 50 2 94 69 48 26 60 36 21
12 15 379 94 39 73 43 9 83 10 35 14 6 77 77 76 8 37 99 29 16 22 54 30 71 55 75 91 2 52 51 89 25
13 15 441 44 28 49 86 36 31 47 23 92 12 28 21 40 3 76 54 56 43 75 61 72 98 68 98 88 69 38 10 73 33
14 15 396 37 22 18 24 4 16 98 96 27 77 68 66 80 95 93 85 2 35 59 63 58 56 30 55 96 50 56 33 66 47
15 15 267 53 35 23 57 51 20 4 29 97 71 47 28 17 39 12 18 26 22 32 35 30 61 42 25 63 97 9 73 28 26
16 15 429 72 81 61 94 37 63 65 92 43 13 62 89 40 78 80 3 47 5 77 79 91 6 32 30 53 80 90 78 8 16
17 15 418 49 88 76 94 90 58 67 84 71 80 73 62 57 4 17 3 8 93 33 50 98 24 82 79 28 13 68 5 20 83
18 15 353 53 59 10 46 34 51 56 52 35 78 31 59 39 39 62 55 94 21 99 26 70 96 49 3 26 29 16 46 33 35
19 15 370 28 86 94 90 83 79 92 90 26 67 13 36 6 4 97 12 49 69 11 74 39 58 75 41 36 3 56 81 35 43
20 15 389 60 72 88 49 7 18 93 96 100 18 63 65 6 20 20 2 83 68 71 93 41 61 3 67 53 90 21 9 70 8
21 15 468 3 81 79 42 82 37 59 74 85 59 91 99 75 48 18 94 50 100 61 72 45 53 84 99 20 36 88 40 96 9
22 15 378 47 98 89 78 39 70 66 50 43 50 60 86 48 34 33 17 79 34 69 39 57 13 40 63 14 76 2 54 71 10
23 15 365 52 21 50 81 11 72 47 60 14 48 71 51 48 4 36 64 34 69 84 24 78 96 67 17 10 80 44 11 85 67
24 15 376 72 37 39 22 69 49 93 67 61 58 67 31 14 87 96 29 20 16 13 96 60 62 62 70 5 32 78 23 4 66
25 15 294 61 77 34 10 69 53 22 78 19 4 38 84 42 85 12 14 1 76 9 45 36 22 58 57 14 63 88 91 85 43
26 15 416 8 46 19 94 7 39 46 80 17 64 35 6 99 77 91 10 90 43 86 98 39 73 97 29 84 11 68 75 47 11
27 15 304 34 44 29 27 2 20 72 81 36 87 16 93 85 44 35 47 33 29 32 82 68 56 52 16 87 78 3 61 24 13
28 15 346 95 68 94 73 69 13 45 2 83 69 92 68 12 79 66 96 7 97 29 26 4 32 41 39 18 18 31 94 6 77
29 15 358 61 51 49 81 63 93 82 14 28 2 5 95 65 35 60 12 42 8 40 67 23 60 1 41 29 93 71 22 98 99
30 15 426 34 48 47 15 62 92 48 75 19 50 32 65 66 66 76 78 7 35 69 26 97 92 85 49 65 41 54 87 91 52
31 15 375 20 90 50 34 52 41 34 26 11 35 9 27 75 2 77 33 88 98 58 36 89 94 84 72 59 77 25 45 19 28
32 15 230 16 8 29 2 59 22 35 37 32 69 45 11 20 71 64 49 4 52 46 61 39 34 55 75 5 65 3 81 9 21
33 15 362 60 24 28 88 77 39 9 11 27 93 31 23 55 51 94 18 51 97 21 96 81 15 86 85 79 88 17 39 8 28
34 15 387 15 87 91 77 76 54 3 20 84 26 74 86 71 43 36 19 64 31 79 75 63 94 60 99 24 47 6 42 29 92
35 15 440 9 71 69 36 24 23 55 8 80 93 70 74 81 40 89 63 19 63 26 12 74 24 87 72 91 1 77 32 29 21
36 15 417 92 100 89 27 75 63 33 82 63 64 27 32 38 7 72 26 21 42 41 46 53 66 70 91 60 92 14 43 86 35
37 15 305 23 26 13 98 89 46 31 51 9 57 34 98 15 57 76 88 98 68 33 2 54 93 70 65 36 36 8 59 21 94
38 15 393 82 47 6 31 87 3 61 37 64 70 70 61 36 79 88 23 76 55 8 78 57 26 44 85 15 65 30 96 63 87
39 15 372 26 49 90 39 37 5 60 58 17 95 36 5 70 12 59 77 89 98 10 7 14 66 50 50 80 14 79 28 28 66
40 15 316 5 28 7 43 64 11 2 22 27 97 57 31 66 68 42 94 8 39 30 17 97 96 82 47 45 62 12 76 89 40
41 15 364 41 93 67 99 88 31 9 89 4 87 37 60 18 54 80 11 99 87 1 81 98 76 44 72 50 7 47 90 46 39
42 15 388 35 65 37 22 47 97 62 50 84 51 61 53 56 92 63 55 79 15 34 64 22 7 33 72 66 80 70 47 27 7
43 15 404 68 25 3 82 26 38 84 87 90 39 30 4 45 8 19 31 93 82 92 15 41 25 38 6 56 50 77 97 47 83
44 15 393 16 23 38 97 49 75 80 87 17 71 20 15 76 38 46 68 72 37 34 12 13 23 69 20 73 88 97 21 86 31
45 15 288 36 9 20 85 57 47 64 95 63 86 10 82 1 85 72 98 5 95 86 90 6 99 65 26 70 37 13 18 9 51
46 15 335 49 44 59 20 80 15 66 44 9 80 29 70 14 81 7 37 78 63 31 16 4 36 68 13 35 56 77 53 64 27
47 15 356 53 60 85 72 39 51 90 34 11 69 15 81 82 95 87 18 25 1 48 40 4 35 5 72 99 91 27 76 43 43
48 15 312 2 47 39 19 40 89 8 74 28 88 32 10 34 70 79 10 70 79 1 73 65 57 44 64 48 23 42 65 92 89
49 15 423 66 30 59 57 19 66 82 70 93 69 1 54 55 70 85 64 39 15 65 63 79 73 7 42 20 81 80 62 97 24
