0 40 1078 10 96 53 81 42 41 1 84 90 97 65 53 72 5 15 3 46 49 73 21 61 2 3 78 83 88 85 1 52 85 62 47 37 42 88 77 94 72 29 83 20 45 36 91 49 2 51 18 63 71 69 40 5 8 76 5 59 60 66 6 48 7 93 76 100 16 57 35 35 1 22 78 50 23 23 95 92 61 81 27
1 40 1095 67 88 55 24 47 14 41 4 14 48 96 89 99 64 45 85 98 98 6 27 29 49 93 53 92 55 38 71 73 26 25 96 24 90 37 27 3 36 74 92 86 37 88 71 87 85 28 13 83 8 61 54 85 52 8 22 80 47 22 88 64 48 90 99 33 36 62 21 48 57 34 13 40 41 26 67 53 31 57 90
2 40 817 24 30 21 23 28 48 44 67 11 44 56 61 17 41 97 78 13 54 78 69 39 42 8 32 19 26 84 49 92 38 4 74 10 26 53 58 69 19 20 12 26 81 80 66 29 58 34 87 47 73 6 4 46 84 63 31 35 66 43 8 1 12 75 51 55 69 33 64 66 2 90 29 2 45 37 84 23 99 57 17
3 40 1004 21 52 11 28 5 22 53 77 49 55 29 3 23 13 18 21 30 19 64 20 99 65 16 76 98 4 6 20 36 9 82 63 13 4 67 89 4 74 69 58 96 33 75 16 63 45 32 34 43 48 70 1 48 19 76 75 51 84 56 65 97 11 84 37 14 57 71 4 90 97 72 52 41 3 85 83 50 34 2 33
4 40 1034 22 5 47 97 31 49 81 87 14 29 49 97 65 63 5 22 85 8 12 82 79 15 33 52 57 35 36 69 34 93 67 30 23 16 62 61 90 10 29 7 24 33 80 60 92 43 93 23 10 67 55 61 75 41 97 86 77 65 19 21 83 1 43 50 56 30 4 65 40 42 41 51 86 36 44 8 45 10 84 55
5 40 970 1 69 83 17 40 3 99 40 45 1 30 4 16 40 65 7 33 58 58 70 53 77 89 62 43 45 97 97 17 31 13 56 63 95 29 15 48 81 3 48 36 20 55 20 64 90 73 16 18 13 60 57 25 8 5 41 90 17 49 22 31 95 51 46 42 83 68 36 96 99 41 68 66 59 32 94 70 40 44 63
6 40 971 19 12 11 93 94 5 95 91 99 77 84 95 58 12 62 94 64 9 44 4 28 10 14 59 3 36 98 25 17 93 87 87 4 97 79 97 53 73 88 51 1 71 97 59 35 10 18 47 45 56 55 11 54 52 70 44 21 56 69 87 96 21 24 12 5 20 22 91 30 25 40 99 71 93 50 89 16 2 23 85
7 40 1128 97 95 92 48 63 78 95 35 41 29 58 4 85 78 25 76 59 1 67 57 23 59 52 1 21 2 89 36 55 63 72 3 9 16 50 23 93 44 24 67 88 9 96 12 36 6 64 2 87 13 66 87 33 67 28 21 42 92 76 51 7 25 34 36 44 1 48 87 39 54 51 41 68 89 53 33 27 85 100 54
8 40 1088 57 72 48 49 99 50 7 24 74 10 96 8 98 39 60 73 43 59 11 33 12 13 73 31 1 77 64 28 14 15 33 70 38 80 70 37 29 77 55 38 35 97 59 91 83 70 24 47 34 96 77 35 92 14 86 6 46 7 78 77 32 6 53 43 42 1 97 97 87 40 80 56 63 78 10 54 76 34 41 71
9 40 982 55 86 78 50 63 54 81 21 58 75 80 99 75 5 27 24 1 66 32 73 77 9 14 86 15 89 20 12 29 90 66 67 67 16 72 48 85 58 24 37 23 38 21 96 9 52 95 50 71 58 60 24 96 79 91 77 2 90 31 64 57 62 17 93 19 92 82 42 30 2 37 95 97 46 46 16 34 24 28 9
10 40 948 71 58 51 47 59 93 24 41 8 32 2 24 25 73 16 58 14 45 91 92 50 37 20 96 4 6 83 66 41 92 17 88 3 9 11 43 42 97 92 18 69 7 27 34 37 87 93 29 36 81 48 83 53 53 19 19 94 63 87 33 65 47 95 59 88 7 5 6 75 11 84 60 13 21 98 58 49 86 38 48
11 40 1036 68 74 53 21 45 23 66 59 61 98 23 7 92 33 20 79 40 77 36 66 87 72 78 52 75 9 12 98 91 80 24 43 52 20 17 17 77 66 83 9 84 55 39 75 27 41 69 98 18 72 41 44 32 32 56 30 22 35 5 17 38 24 33 54 62 71 96 31 2 21 47 6 76 36 60 19 73 89 93 59
12 40 923 45 9 96 20 93 1 72 6 23 27 2 53 17 55 74 82 39 72 43 20 13 70 55 83 29 26 7 69 18 66 65 78 84 22 66 55 28 88 33 81 50 35 31 25 89 70 19 8 34 41 15 16 69 92 90 9 40 54 38 52 59 69 44 38 57 77 70 49 26 57 8 81 58 29 52 18 63 92 32 30
13 40 1092 12 23 52 1 83 91 7 20 95 96 30 63 39 20 71 15 41 71 92 97 88 52 46 80 81 63 94 72 24 83 20 75 84 2 18 42 73 12 37 54 26 27 25 97 66 67 85 62 55 36 91 100 68 71 62 61 42 59 77 78 11 12 79 80 53 3 43 89 8 68 67 33 64 60 98 83 45 59 32 2
14 40 795 88 99 24 1 12 18 59 47 94 36 9 5 66 88 57 20 30 97 27 98 63 59 13 23 8 95 19 19 83 2 20 22 1 43 22 64 60 32 10 53 67 19 84 6 17 3 37 28 40 1 2 48 48 72 18 30 73 37 4 25 31 25 43 9 50 47 68 56 11 25 72 65 46 100 16 86 69 85 29 64
15 40 1055 90 32 89 72 9 28 14 17 77 61 43 96 68 5 21 39 70 84 27 15 84 42 52 36 10 88 83 1 41 11 65 82 95 53 54 3 32 67 19 9 79 13 4 46 18 76 85 39 60 63 5 95 57 30 66 96 64 67 37 26 31 18 20 35 71 22 92 26 30 14 74 57 50 64 62 68 76 43 86 72
16 40 988 58 52 8 84 34 77 3 68 77 85 89 68 11 8 24 40 73 49 48 74 64 16 38 32 57 7 72 42 78 29 93 37 14 67 45 65 43 30 53 62 92 60 86 83 85 86 30 58 50 45 95 33 74 52 39 45 69 25 15 22 7 12 1 93 62 84 99 66 18 65 41 8 9 85 76 85 22 85 25 89
17 40 1114 6 31 92 31 81 45 27 82 43 92 67 79 38 10 16 29 99 33 93 39 41 53 23 68 90 97 52 14 37 58 97 36 1 79 79 81 57 63 18 100 29 96 12 18 88 96 62 26 36 67 56 56 49 59 69 85 65 72 68 44 2 49 58 63 35 9 91 83 94 14 89 28 46 77 98 84 42 69 82 10
18 40 1009 86 5 77 81 58 77 98 67 39 85 75 30 67 71 62 12 37 29 52 64 26 80 57 23 63 57 20 5 53 14 9 42 94 66 19 44 84 57 28 58 38 94 81 99 69 80 8 32 5 88 40 80 50 48 51 6 24 4 71 38 64 13 31 30 83 74 65 39 29 98 55 27 54 23 6 62 49 97 42 50
19 40 1050 44 44 56 67 47 78 11 42 87 92 24 12 15 65 30 43 62 36 69 16 10 27 77 67 41 77 63 34 78 58 85 77 76 63 32 86 4 18 29 80 36 94 46 18 88 7 53 56 22 15 34 50 81 74 96 59 92 29 54 61 48 10 28 41 59 63 80 21 99 14 86 31 39 15 26 98 79 85 14 7
20 40 1010 95 19 19 94 28 49 21 68 7 35 53 63 67 25 77 3 5 12 1 18 49 83 8 64 61 5 37 39 89 50 97 35 69 16 80 48 64 100 68 22 87 72 36 53 12 55 24 7 70 24 41 29 34 76 91 74 25 88 9 45 55 40 93 70 92 12 43 78 83 79 82 31 42 88 17 46 4 41 86 33
21 40 949 79 39 18 54 29 91 68 51 75 22 91 19 43 82 30 86 11 65 16 44 95 57 31 78 74 28 33 66 13 17 44 3 34 98 32 77 28 51 54 73 69 73 67 2 2 52 64 66 7 13 76 37 42 1 66 29 61 83 10 14 52 89 65 31 89 51 15 7 5 68 59 68 86 77 98 52 63 91 4 79
22 40 951 64 69 7 6 30 89 82 39 55 85 28 71 15 22 11 66 36 17 70 55 27 37 92 4 63 41 26 31 4 47 31 62 52 12 2 85 3 56 78 84 88 1 90 57 22 96 83 11 38 73 45 50 53 57 89 66 60 1 68 45 75 14 5 49 79 100 23 26 33 13 20 58 93 16 74 12 59 63 29 70
23 40 1031 15 96 14 69 23 79 56 27 28 45 70 81 75 70 3 100 4 88 65 75 97 57 91 55 11 16 18 21 78 47 90 92 94 4 12 16 34 67 42 13 63 12 93 37 33 48 89 36 35 5 10 83 61 52 37 23 68 55 43 97 53 84 41 46 39 52 62 73 71 3 85 33 66 78 22 98 77 62 95 45
24 40 1047 78 98 81 100 17 87 94 14 39 29 6 85 68 9 46 92 79 100 76 64 66 5 37 15 98 100 43 63 87 40 20 39 12 6 84 77 97 12 82 81 42 78 70 21 77 98 36 94 54 72 9 87 69 60 29 31 5 68 99 87 60 62 44 95 38 40 71 72 13 49 58 85 7 20 61 91 31 47 11 90
25 40 1067 27 41 46 46 62 45 84 73 58 28 67 96 19 24 66 91 60 30 39 70 14 16 76 33 36 75 21 34 85 63 13 77 8 10 90 4 94 62 73 80 9 91 4 74 33 15 56 72 69 39 12 54 29 99 80 50 65 12 97 93 71 58 83 75 51 96 88 23 96 66 31 21 98 97 44 50 40 42 41 26
26 40 1119 45 52 74 38 75 32 72 49 82 67 36 57 94 31 76 51 71 73 79 44 5 75 55 100 24 46 41 4 87 19 1 90 92 38 64 23 61 64 57 27 99 65 21 81 38 96 84 60 20 62 3 76 88 9 63 7 68 66 93 86 18 34 77 7 98 52 67 13 60 94 12 24 66 44 13 79 33 92 27 60
27 40 932 79 35 35 41 41 54 59 85 39 28 19 67 68 70 1 80 29 46 43 4 11 39 64 76 17 88 60 61 14 19 5 32 93 58 42 29 48 69 99 15 3 66 36 56 98 65 92 68 30 84 23 98 49 87 73 32 94 58 44 96 24 79 51 73 95 4 15 67 46 98 72 54 54 7 21 2 45 93 34 76
28 40 1039 75 58 35 4 51 92 99 99 67 29 1 39 24 4 55 38 70 100 87 26 43 58 79 48 16 100 49 60 44 34 18 92 21 73 94 65 71 92 31 100 45 22 48 76 64 70 50 95 69 59 26 16 25 16 37 20 38 93 96 10 60 81 82 43 32 26 6 73 91 69 17 70 89 37 80 14 4 57 90 19
29 40 1078 93 9 20 68 98 64 64 60 2 75 92 83 17 23 60 32 28 32 74 48 78 90 66 26 48 31 29 4 72 100 96 32 19 16 82 35 31 41 88 5 32 70 6 81 57 33 41 72 58 50 47 88 30 50 11 29 97 95 12 76 86 42 68 73 99 99 94 24 4 74 80 88 37 62 71 78 34 70 35 35
30 40 1048 16 75 64 65 37 45 61 31 96 73 58 81 66 25 53 64 23 46 87 78 71 19 17 7 80 87 36 65 56 71 99 71 97 15 35 33 59 48 54 72 73 86 98 38 1 72 39 50 5 57 63 89 60 21 4 31 69 18 76 64 68 81 41 66 24 90 55 76 89 14 10 45 28 7 84 57 15 43 29 70
31 40 936 25 97 87 42 50 14 57 17 94 44 9 11 19 98 65 94 59 5 20 1 33 99 8 95 82 16 62 25 45 31 1 41 18 94 90 83 51 59 29 46 67 39 16 65 56 9 75 60 46 61 78 87 7 54 31 38 55 24 48 13 89 50 23 17 47 90 6 63 70 80 22 89 34 40 21 5 85 99 92 92
32 40 974 4 22 29 58 45 87 6 10 75 7 32 44 54 73 51 15 78 13 37 9 86 77 20 16 24 100 56 15 43 60 89 71 69 33 9 74 94 36 33 26 79 86 50 29 52 28 93 40 36 78 16 21 49 31 25 83 91 25 97 79 48 66 64 56 57 91 23 34 21 60 84 1 12 63 98 23 19 71 1 47
33 40 897 83 86 38 8 68 7 48 31 14 38 40 5 13 73 77 72 8 78 35 70 70 86 20 44 56 42 67 56 42 65 39 79 54 98 61 22 4 60 52 17 50 43 73 62 85 75 27 20 97 48 57 16 44 12 10 67 26 57 28 80 89 1 9 100 1 47 99 99 18 36 3 20 37 11 81 55 60 6 12 88
34 40 1028 37 17 28 37 26 27 93 3 80 39 52 93 4 3 43 43 31 60 59 37 33 78 73 44 10 80 55 68 42 4 69 93 84 48 85 38 79 75 71 78 96 14 72 26 25 54 62 39 14 86 34 24 17 88 91 59 30 94 18 50 86 53 49 22 27 96 32 98 63 49 87 2 40 100 92 54 38 25 29 54
35 40 1032 13 19 94 64 30 43 2 34 44 23 24 70 71 7 19 95 85 81 95 41 20 49 80 19 40 85 56 65 62 29 83 74 22 47 55 16 88 59 12 29 92 70 47 39 7 80 99 33 26 69 73 63 77 89 75 38 17 58 11 38 65 5 52 64 28 15 72 37 42 10 43 21 46 89 79 66 51 28 68 39
36 40 947 55 5 64 67 44 19 31 100 25 34 15 52 1 58 23 37 52 84 24 30 71 95 8 88 86 10 68 5 22 9 54 37 75 49 7 57 48 31 42 15 34 42 72 57 30 75 92 12 99 73 82 45 32 70 93 89 62 46 97 98 45 4 80 45 21 59 19 15 27 96 9 19 59 43 41 3 36 19 50 73
37 40 933 11 11 70 59 8 41 56 63 20 52 48 92 10 67 6 43 93 2 51 63 61 9 1 63 84 63 50 2 12 74 64 23 43 23 82 83 78 45 54 29 92 98 90 10 3 84 87 65 16 47 22 17 62 5 31 11 7 42 85 22 27 44 73 46 67 53 37 64 94 99 19 78 26 64 65 42 39 10 23 43
38 40 889 40 34 1 33 70 23 48 18 50 61 91 95 28 95 83 43 89 81 13 66 81 39 98 32 94 36 41 17 78 32 2 79 16 71 53 16 65 31 12 59 10 7 52 47 74 65 64 7 3 96 4 34 39 26 5 68 9 6 24 28 72 4 15 37 8 40 87 33 56 50 58 45 42 43 34 32 20 90 49 52
39 40 1079 75 99 91 24 22 46 3 4 12 39 97 19 31 83 52 86 85 90 96 81 84 90 66 15 10 56 89 3 15 40 29 65 82 53 86 80 55 41 46 37 62 28 72 65 13 8 6 8 40 41 98 6 56 59 73 47 67 39 39 95 99 40 51 6 33 94 21 7 78 44 71 42 28 2 69 51 48 76 9 60
40 40 1003 48 7 26 87 45 72 41 69 71 33 19 76 17 64 78 37 70 7 81 40 83 20 1 73 88 3 72 63 11 31 10 70 8 48 66 80 34 2 25 5 29 41 68 58 77 38 16 9 15 92 35 70 97 33 59 2 58 67 9 98 53 10 22 57 90 14 24 47 91 13 62 51 42 76 94 41 95 62 76 65
41 40 1016 1 24 97 70 34 98 99 92 16 7 41 68 68 15 24 57 28 100 3 70 12 64 73 5 92 66 46 86 27 73 50 27 48 98 49 34 95 47 77 63 6 17 30 73 83 6 11 57 84 80 52 25 91 70 22 28 94 30 93 27 75 26 74 73 2 36 78 71 17 3 53 22 15 78 67 47 98 66 8 19
42 40 1090 95 36 67 40 17 93 32 43 19 10 68 43 11 55 73 33 72 75 38 45 58 52 75 24 98 24 42 100 97 49 18 91 36 36 30 52 80 61 47 50 70 14 93 33 69 65 92 39 54 36 48 58 10 23 7 85 64 6 81 65 24 71 52 4 91 13 50 40 34 15 84 18 35 48 87 26 14 37 49 75
43 40 1020 60 56 75 61 40 91 36 11 43 99 62 46 89 26 95 80 12 61 16 81 96 63 67 21 53 59 34 89 59 9 14 68 27 27 17 14 69 11 83 56 52 60 2 84 23 63 99 4 58 61 22 30 65 32 54 91 76 5 56 43 31 82 10 59 66 11 19 46 90 81 44 45 72 21 98 87 26 40 30 95
44 40 1037 56 13 77 8 12 24 81 73 34 88 90 44 55 9 89 96 41 84 40 83 57 6 54 44 37 45 18 40 64 30 16 23 93 91 4 18 24 43 7 20 49 67 60 44 44 83 94 35 99 46 45 42 82 90 98 51 29 61 96 35 25 38 42 13 33 1 32 81 19 44 78 39 59 71 73 50 21 18 47 14
45 40 986 51 36 63 1 16 75 33 63 10 58 52 99 64 31 48 64 70 91 40 99 29 50 22 53 42 22 46 56 24 33 45 9 62 54 18 13 68 76 35 19 75 98 65 37 38 45 59 49 37 53 34 60 93 66 69 65 73 77 26 26 94 38 30 13 66 64 83 40 61 22 57 49 12 53 86 22 2 75 74 23
46 40 1114 8 85 16 74 66 36 38 38 64 64 9 53 97 21 70 60 4 62 72 77 18 72 40 22 57 62 75 83 87 98 91 72 65 16 89 100 53 26 15 68 93 23 73 89 95 42 50 55 71 27 24 42 46 51 79 20 33 66 69 75 90 77 84 43 54 98 62 99 34 87 67 28 39 16 61 94 58 3 12 3
47 40 994 5 90 74 89 55 43 64 95 27 5 71 11 99 25 60 61 23 32 46 61 98 25 51 65 59 12 16 66 70 70 22 59 95 10 66 37 25 60 30 31 26 80 7 85 40 81 38 93 65 14 44 30 72 55 88 39 57 60 93 67 2 32 43 79 58 60 83 39 32 68 31 12 35 20 56 100 33 99 29 57
48 40 997 5 68 47 76 24 7 68 42 13 70 26 55 69 13 59 42 97 25 66 27 88 1 46 43 31 42 80 87 33 74 22 91 41 63 3 62 10 61 56 22 19 49 20 68 73 86 94 12 86 92 55 37 48 16 60 45 62 44 18 83 35 59 37 72 85 98 92 71 51 41 91 18 65 76 64 77 7 83 49 80
49 40 987 30 16 39 26 29 82 96 63 68 54 59 57 77 95 54 9 87 25 12 27 15 81 43 42 71 54 2 53 33 34 21 71 49 5 7 11 24 12 80 88 16 34 97 2 58 60 72 40 22 65 36 45 18 89 23 22 83 43 44 94 91 100 53 24 63 73 3 50 40 36 98 41 93 57 46 80 84 90 38 71
