0.90
0.93
0.86
0.80
0.84
0.88
0.83
0.87
0.82
0.94
0.85
0.88
0.90
0.86
0.86
0.88
0.86
0.65
0.87
0.86
0.89
0.82
0.84
0.85
0.91
0.91
0.92
0.93
0.83
0.88
0.87
0.88
0.82
0.89
0.90
0.90
0.80
0.86
0.89
0.86
0.86
0.88
0.92
0.84
0.83
0.89
0.87
0.80
0.90
0.82
0.87
0.87
0.91
0.92
0.84
0.90
0.93
0.88
0.80
0.81
0.87
0.95
0.92
0.86
0.89
0.88
0.93
0.63
0.83
0.89
0.90
0.85
0.90
0.89
0.88
0.84
0.85
0.91
0.84
0.86
0.83
0.88
0.83
0.86
0.81
0.92
0.87
0.90
0.88
0.90
0.92
0.89
0.83
0.86
0.89
0.84
0.90
0.90
0.87
0.78
