0.61
0.69
0.44
0.55
0.60
0.67
0.61
0.48
0.62
0.56
0.78
0.65
0.58
0.71
0.57
0.59
0.60
0.55
0.64
0.53
0.71
0.63
0.52
0.45
0.61
0.74
0.70
0.67
0.50
0.72
0.42
0.80
0.61
0.45
0.46
0.51
0.80
0.58
0.60
0.72
0.57
0.56
0.52
0.52
0.50
0.68
0.41
0.51
0.56
0.74
0.78
0.78
0.83
0.80
0.74
0.88
0.88
0.90
0.62
0.84
0.74
0.78
0.84
0.75
0.77
0.85
0.76
0.63
0.80
0.84
0.81
0.74
0.82
0.81
0.71
0.89
0.76
0.79
0.82
0.74
0.83
0.80
0.78
0.69
0.69
0.76
0.88
0.83
0.79
0.74
0.77
0.76
0.63
0.78
0.72
0.77
0.88
0.79
0.81
0.76
