0.53
0.60
0.62
0.54
0.66
0.53
0.65
0.70
0.51
0.63
0.72
0.60
0.60
0.65
0.72
0.57
0.54
0.58
0.54
0.55
0.60
0.68
0.63
0.56
0.53
0.51
0.64
0.79
0.73
0.65
0.67
0.74
0.57
0.59
0.60
0.61
0.55
0.62
0.60
0.70
0.38
0.60
0.56
0.54
0.80
0.68
0.76
0.73
0.50
0.59
0.77
0.78
0.87
0.85
0.76
0.77
0.82
0.87
0.93
0.87
0.83
0.84
0.88
0.91
0.82
0.82
0.88
0.73
0.77
0.86
0.81
0.72
0.82
0.82
0.79
0.83
0.85
0.86
0.88
0.87
0.78
0.81
0.78
0.82
0.75
0.85
0.84
0.80
0.87
0.87
0.81
0.96
0.88
0.83
0.74
0.84
0.90
0.79
0.77
0.78
