0.74
0.66
0.84
0.68
0.77
0.82
0.45
0.77
0.80
0.39
0.79
0.66
0.62
0.74
0.92
0.80
0.72
0.73
0.91
0.53
0.63
0.59
0.73
0.80
0.57
0.85
0.52
0.66
0.93
0.62
0.84
0.45
0.81
0.80
0.83
0.91
0.84
0.68
0.45
0.72
0.90
0.76
0.75
0.88
0.68
0.84
0.63
0.57
0.91
0.65
0.94
0.92
0.98
0.94
0.98
0.95
0.94
0.96
0.88
0.95
0.94
0.91
0.94
0.98
0.90
0.97
0.96
0.92
0.85
0.90
0.93
0.89
0.92
0.92
0.97
0.97
0.65
0.97
0.96
0.95
0.97
1
0.96
0.97
0.97
0.94
1
0.94
0.93
0.97
0.88
1.0
0.94
0.90
1
0.92
1.0
0.96
0.95
0.87
0.99
0.88
0.94
0.97
0.98
0.91
1.0
0.98
0.94
0.90
0.94
0.92
0.86
0.92
0.97
0.93
0.96
0.96
0.92
1
0.94
0.90
0.97
0.90
0.92
0.92
1
0.96
0.92
0.83
0.98
1
0.94
1
1
0.99
0.90
0.97
1
1
0.89
0.99
0.97
0.91
1.0
0.97
0.94
1.0
0.93
0.82
