0.66
0.60
0.62
0.46
0.52
0.56
0.67
0.70
0.64
0.73
0.65
0.54
0.62
0.63
0.55
0.63
0.60
0.63
0.73
0.69
0.60
0.68
0.58
0.66
0.63
0.64
0.64
0.71
0.69
0.76
0.62
0.65
0.57
0.55
0.60
0.76
0.72
0.66
0.79
0.50
0.57
0.54
0.77
0.44
0.62
0.54
0.65
0.67
0.79
0.67
0.84
0.81
0.82
0.89
0.85
0.80
0.87
0.85
0.84
0.82
0.82
0.92
0.83
0.85
0.93
0.80
0.89
0.68
0.77
0.90
0.86
0.87
0.87
0.80
0.77
0.82
0.85
0.83
0.83
0.85
0.82
0.95
0.74
0.84
0.83
0.80
0.89
0.93
0.79
0.83
0.90
0.85
0.93
0.83
0.79
0.84
0.76
0.84
0.88
0.84
