0.68
0.64
0.72
0.74
0.74
0.67
0.80
0.72
0.53
0.66
0.79
0.56
0.67
0.52
0.69
0.68
0.60
0.50
0.84
0.69
0.67
0.65
0.67
0.47
0.65
0.66
0.76
0.71
0.71
0.67
0.49
0.67
0.72
0.71
0.69
0.55
0.62
0.66
0.56
0.65
0.55
0.73
0.66
0.52
0.76
0.57
0.72
0.63
0.54
0.69
0.73
0.81
0.83
0.72
0.87
0.89
0.84
0.89
0.78
0.76
0.90
0.82
0.82
0.71
0.82
0.88
0.83
0.58
0.79
0.83
0.78
0.86
0.86
0.79
0.81
0.89
0.86
0.87
0.85
0.82
0.90
0.86
0.84
0.83
0.90
0.87
0.84
0.94
0.84
0.86
0.86
0.78
0.83
0.83
0.81
0.90
0.86
0.75
0.80
0.81
