0.61
0.62
0.58
0.70
0.54
0.70
0.67
0.70
0.60
0.56
0.69
0.63
0.60
0.57
0.57
0.46
0.50
0.55
0.60
0.73
0.75
0.58
0.56
0.66
0.53
0.68
0.64
0.51
0.56
0.61
0.69
0.61
0.67
0.50
0.67
0.81
0.66
0.56
0.73
0.57
0.63
0.65
0.75
0.76
0.57
0.57
0.58
0.53
0.73
0.36
0.87
0.78
0.80
0.76
0.90
0.79
0.87
0.91
0.83
0.82
0.86
0.81
0.83
0.76
0.88
0.74
0.78
0.58
0.75
0.83
0.82
0.77
0.74
0.77
0.77
0.89
0.90
0.86
0.81
0.93
0.86
0.80
0.83
0.85
0.90
0.82
0.79
0.84
0.89
0.76
0.81
0.83
0.77
0.80
0.76
0.77
0.74
0.86
0.83
0.89
