0.43
0.44
0.56
0.48
0.36
0.56
0.54
0.68
0.60
0.68
0.67
0.47
0.51
0.55
0.39
0.51
0.58
0.43
0.56
0.28
0.49
0.56
0.74
0.51
0.49
0.60
0.60
0.53
0.54
0.39
0.40
0.61
0.41
0.38
0.50
0.51
0.47
0.46
0.56
0.44
0.59
0.67
0.73
0.60
0.57
0.47
0.67
0.51
0.58
0.61
0.56
0.75
0.66
0.68
0.72
0.72
0.69
0.87
0.73
0.77
0.56
0.60
0.67
0.60
0.57
0.61
0.62
0.33
0.69
0.60
0.75
0.56
0.67
0.77
0.55
0.72
0.72
0.43
0.62
0.72
0.71
0.74
0.63
0.62
0.69
0.68
0.77
0.82
0.60
0.74
0.67
0.69
0.66
0.60
0.64
0.77
0.78
0.63
0.67
0.64
