0.51
0.58
0.42
0.64
0.73
0.67
0.69
0.71
0.56
0.64
0.53
0.59
0.72
0.60
0.58
0.68
0.71
0.52
0.58
0.56
0.68
0.83
0.74
0.66
0.61
0.74
0.55
0.52
0.73
0.53
0.61
0.72
0.60
0.73
0.76
0.76
0.56
0.65
0.67
0.54
0.62
0.72
0.65
0.65
0.52
0.63
0.48
0.64
0.84
0.67
0.80
0.81
0.94
0.84
0.90
0.84
0.83
0.85
0.91
0.87
0.85
0.87
0.84
0.68
0.93
0.79
0.83
0.84
0.85
0.84
0.80
0.84
0.81
0.90
0.92
0.85
0.80
0.85
0.86
0.80
0.86
0.84
0.78
0.87
0.91
0.80
0.84
0.87
0.84
0.85
0.79
0.80
0.80
0.86
0.82
0.83
0.75
0.90
0.88
0.84
