0.63
0.69
0.60
0.61
0.64
0.50
0.69
0.76
0.73
0.58
0.69
0.67
0.55
0.75
0.55
0.66
0.70
0.43
0.66
0.64
0.78
0.58
0.67
0.58
0.61
0.72
0.66
0.55
0.66
0.69
0.64
0.59
0.61
0.64
0.56
0.72
0.74
0.70
0.63
0.76
0.67
0.65
0.66
0.52
0.62
0.73
0.74
0.59
0.50
0.64
0.88
0.89
0.85
0.82
0.85
0.81
0.79
0.84
0.82
0.79
0.76
0.71
0.77
0.86
0.76
0.79
0.78
0.68
0.81
0.78
0.78
0.85
0.84
0.91
0.69
0.89
0.85
0.88
0.79
0.84
0.73
0.85
0.74
0.84
0.81
0.81
0.85
0.74
0.81
0.80
0.81
0.73
0.85
0.83
0.67
0.86
0.85
0.80
0.80
0.69
0.76
0.75
0.78
0.78
0.82
0.77
0.74
0.89
0.83
0.81
0.83
0.81
0.84
0.81
0.88
0.79
0.86
1
0.81
0.80
0.71
0.78
0.79
0.77
0.73
0.86
0.72
0.90
0.88
0.85
0.78
0.78
0.72
0.77
0.75
0.81
0.86
0.80
0.80
0.76
0.94
0.85
0.85
0.81
0.85
0.75
0.74
0.85
0.85
0.84
