0.55
0.58
0.73
0.77
0.63
0.72
0.57
0.70
0.68
0.63
0.72
0.55
0.51
0.80
0.71
0.62
0.62
0.42
0.73
0.73
0.75
0.63
0.46
0.62
0.55
0.62
0.73
0.39
0.77
0.81
0.55
0.68
0.56
0.73
0.59
0.77
0.78
0.59
0.64
0.62
0.60
0.61
0.55
0.72
0.60
0.81
0.53
0.68
0.68
0.65
0.86
0.90
0.87
0.87
0.92
0.84
0.78
0.84
0.94
0.89
0.85
0.89
0.89
0.78
0.90
0.86
0.86
0.83
0.85
0.91
0.84
0.86
0.87
0.86
0.87
0.86
0.82
0.84
0.78
0.92
0.67
0.86
0.85
0.89
0.86
0.91
0.79
0.88
0.76
0.88
0.89
0.82
0.88
0.98
0.87
0.89
0.79
0.83
0.75
0.77
