0.73
0.60
0.70
0.70
0.58
0.53
0.58
0.80
0.48
0.46
0.69
0.78
0.55
0.71
0.69
0.57
0.70
0.55
0.58
0.69
0.60
0.63
0.56
0.62
0.57
0.57
0.70
0.75
0.58
0.61
0.49
0.69
0.53
0.64
0.73
0.70
0.70
0.44
0.58
0.67
0.69
0.56
0.75
0.64
0.77
0.61
0.69
0.69
0.75
0.74
0.80
0.83
0.86
0.89
0.80
0.76
0.81
0.87
0.75
0.83
0.88
0.87
0.84
0.76
0.84
0.79
0.83
0.63
0.82
0.87
0.79
0.77
0.78
0.79
0.84
0.83
0.84
0.86
0.85
0.87
0.81
0.80
0.80
0.79
0.75
0.81
0.81
0.80
0.89
0.83
0.90
0.91
0.81
0.84
0.81
0.78
0.87
0.81
0.89
0.85
