DYNAMIC
Varying Size
100
130
182
98
164
82
144
169
87
165
144
126
137
165
161
120
174
156
67
134
172
180
198
128
123
130
115
121
182
162
88
106
164
175
102
66
141
132
43
148
90
129
116
171
101
156
146
111
168
176
203
398
238
338
353
172
229
418
308
275
257
347
263
258
335
326
377
321
310
332
247
270
218
331
259
315
246
277
324
192
384
259
255
169
307
341
259
343
286
278
254
227
288
377
249
292
243
275
400
321
424
392
420
376
348
369
230
485
453
352
409
434
459
487
403
401
468
385
314
392
414
412
504
554
282
454
378
363
348
304
394
393
281
373
395
505
496
330
431
427
449
377
487
364
350
508
342
403
506
336
607
556
753
536
580
666
594
578
681
498
540
494
594
476
527
463
607
651
538
608
554
708
592
637
576
613
646
571
656
637
610
535
540
648
644
492
594
731
678
566
625
771
547
525
559
798
536
630
668
588
873
832
807
660
697
926
774
777
853
843
774
937
925
945
856
929
676
943
783
708
760
658
841
730
853
911
747
713
879
747
770
682
766
787
769
930
825
699
752
843
848
804
814
688
732
948
821
815
904
740
1597
1583
1529
1316
1443
1537
1786
1413
1557
1766
1603
1478
1574
1602
1462
1450
1681
1750
1620
1504
1578
1713
1590
1727
1872
1597
1699
1835
1740
1679
1645
1706
1553
1637
1653
1480
1499
1525
1457
1486
1590
1599
1449
1683
1417
1510
1731
1728
1763
1562
Varying Weight
459
468
450
448
230
177
463
250
453
382
288
374
329
450
322
404
330
505
325
399
405
318
326
396
415
390
405
392
399
385
437
365
471
343
461
359
345
329
238
313
414
334
456
462
313
372
367
496
562
371
379
398
358
449
400
297
359
436
438
355
319
313
373
336
195
318
281
340
382
419
424
302
338
401
399
336
345
319
549
379
379
372
376
355
329
299
434
390
333
388
371
274
408
512
450
378
397
375
464
432
367
343
513
406
409
335
267
428
387
491
414
402
271
362
393
326
458
266
526
346
386
377
396
468
427
375
404
460
391
361
442
362
313
339
296
377
371
403
385
294
377
364
406
443
275
516
276
349
438
333
461
390
316
456
370
384
443
374
355
414
396
563
411
366
423
290
303
401
323
457
276
363
368
393
515
459
297
370
435
381
401
363
400
410
363
425
231
483
565
197
345
232
408
426
367
465
287
400
430
431
394
438
443
443
303
274
421
450
445
351
490
414
459
486
326
407
345
388
410
321
440
351
358
406
369
261
313
434
300
298
464
296
405
328
341
371
366
463
361
364
451
385
373
386
434
479
382
456
336
449
Varying Cost
99
112
89
94
67
73
70
86
73
75
90
70
95
89
79
91
88
104
69
59
95
93
77
84
100
76
93
84
71
80
93
76
87
70
85
71
82
93
70
63
85
104
87
74
73
85
48
58
85
67
187
160
158
132
158
170
160
183
177
168
114
148
150
114
162
195
116
188
163
140
131
166
134
212
135
126
134
113
171
142
192
135
103
148
159
145
142
153
124
156
147
177
141
139
143
161
115
182
189
223
193
427
430
344
349
303
291
365
352
400
289
337
381
336
351
327
316
361
301
397
425
417
527
308
400
266
394
358
430
300
430
487
438
460
455
317
374
538
289
346
383
271
461
473
387
370
396
340
396
358
805
655
684
831
806
776
938
455
805
832
833
875
805
870
901
548
756
763
787
802
646
852
630
842
662
751
823
654
593
637
851
754
774
638
733
799
770
761
784
710
753
908
560
747
1012
750
738
738
869
764
3513
3435
2362
5487
3820
3794
3605
3341
3740
3869
3545
2894
3500
5105
3855
4136
5208
4396
3565
3221
3677
2729
3052
4873
3235
3748
3779
3827
3056
4976
2976
3449
3729
5428
4727
3176
4481
3511
2445
3411
4632
3625
4130
4072
3651
3273
3721
3353
4051
2887
Varying CapToW
80
108
200
108
72
92
235
131
78
123
88
96
222
95
165
77
134
74
164
74
139
151
155
213
181
110
169
152
111
109
87
161
166
173
148
179
221
205
181
34
175
163
100
100
84
47
112
125
92
32
237
291
294
243
242
309
325
275
261
243
176
209
211
262
103
237
180
215
164
197
235
277
302
281
147
291
228
438
303
137
291
281
161
259
297
218
200
189
205
161
226
276
172
189
278
187
237
304
200
304
407
386
371
387
369
460
289
367
434
268
334
446
302
362
308
297
316
327
279
324
343
376
404
387
290
355
363
363
360
552
407
330
425
307
309
462
412
364
323
418
236
298
434
346
288
410
283
361
326
390
623
422
406
452
378
356
388
494
520
436
442
448
486
430
386
524
495
485
490
528
491
438
339
358
483
439
613
458
491
440
705
609
448
318
549
502
364
527
464
534
381
556
430
442
483
405
493
570
450
455
542
535
484
531
391
410
428
420
439
666
709
453
558
545
533
229
381
446
445
384
454
591
484
423
368
393
510
320
455
550
577
419
401
526
509
492
531
469
560
586
452
506
437
414
444
602
365
655
602
491
272
218
282
179
160
184
295
318
272
227
207
210
235
272
167
195
170
207
227
268
268
240
168
92
173
204
359
186
287
293
264
356
285
277
202
228
171
193
179
257
194
215
189
202
232
333
199
219
191
228
Varying Gran
469
438
444
457
426
367
316
471
390
433
393
539
456
397
454
418
369
397
441
444
349
306
428
461
330
409
263
388
297
380
402
301
428
481
342
393
352
372
398
475
358
390
313
507
370
341
519
398
445
340
303
364
285
386
327
412
298
419
483
420
378
413
295
415
320
425
407
373
316
335
377
427
427
305
517
391
346
317
532
383
346
363
274
438
366
392
285
232
424
391
307
363
400
537
378
417
391
398
381
458
356
362
559
359
349
405
389
401
389
471
337
385
445
349
316
387
348
343
432
361
474
283
330
406
341
475
388
423
461
385
381
446
630
466
324
356
460
427
313
514
379
392
309
286
267
535
389
351
365
334
365
372
396
407
401
378
365
389
363
366
399
311
413
523
345
409
417
435
371
472
387
379
303
419
257
380
262
224
425
312
425
345
325
245
432
426
434
417
321
443
479
348
232
448
455
384
347
289
430
361
452
380
437
366
418
408
383
345
390
269
363
463
367
409
285
444
447
289
415
367
432
343
362
292
480
322
455
377
432
300
384
343
371
345
419
401
363
440
294
330
300
560
250
462
367
357
381
434
273
397
473
413
421
390
502
408
388
341
312
373
370
323
424
283
482
567
453
394
421
369
267
368
425
362
549
397
525
372
470
369
297
380
349
326
302
392
250
527
355
494
501
331
428
386
404
493
361
339
439
370
