GREEDY
Varying Size
86.0
130.0
182.0
85.0
125.0
82.0
144.0
169.0
87.0
130.0
144.0
126.0
127.0
165.0
161.0
120.0
174.0
156.0
67.0
134.0
152.0
180.0
198.0
98.0
53.0
130.0
115.0
102.0
182.0
162.0
64.0
106.0
164.0
175.0
72.0
61.0
141.0
132.0
37.0
148.0
90.0
99.0
116.0
154.0
100.0
156.0
146.0
82.0
168.0
150.0
181.0
344.0
232.0
323.0
347.0
172.0
204.0
390.0
286.0
269.0
252.0
347.0
248.0
244.0
330.0
326.0
377.0
319.0
310.0
329.0
245.0
266.0
208.0
330.0
259.0
315.0
246.0
258.0
324.0
192.0
384.0
259.0
250.0
169.0
286.0
288.0
255.0
343.0
286.0
268.0
248.0
219.0
261.0
377.0
249.0
255.0
243.0
275.0
400.0
321.0
424.0
392.0
420.0
360.0
348.0
355.0
202.0
434.0
453.0
344.0
409.0
426.0
459.0
453.0
380.0
396.0
443.0
367.0
291.0
392.0
413.0
412.0
504.0
478.0
269.0
454.0
378.0
354.0
348.0
298.0
394.0
384.0
276.0
365.0
395.0
505.0
477.0
325.0
431.0
376.0
449.0
349.0
487.0
325.0
343.0
505.0
342.0
403.0
506.0
336.0
598.0
496.0
753.0
534.0
561.0
666.0
535.0
557.0
647.0
476.0
534.0
435.0
588.0
443.0
527.0
457.0
593.0
651.0
538.0
604.0
517.0
708.0
575.0
570.0
554.0
613.0
646.0
542.0
627.0
629.0
596.0
494.0
532.0
625.0
642.0
480.0
594.0
721.0
652.0
566.0
625.0
725.0
525.0
468.0
547.0
794.0
520.0
582.0
649.0
576.0
871.0
812.0
774.0
660.0
666.0
926.0
767.0
777.0
853.0
771.0
749.0
912.0
904.0
923.0
810.0
862.0
658.0
910.0
755.0
693.0
760.0
623.0
796.0
703.0
853.0
893.0
747.0
697.0
848.0
694.0
751.0
682.0
766.0
785.0
758.0
884.0
825.0
699.0
729.0
797.0
846.0
802.0
805.0
686.0
703.0
885.0
821.0
797.0
902.0
740.0
1597.0
1579.0
1517.0
1308.0
1418.0
1503.0
1786.0
1386.0
1557.0
1766.0
1578.0
1478.0
1549.0
1602.0
1425.0
1435.0
1643.0
1719.0
1620.0
1485.0
1559.0
1706.0
1573.0
1681.0
1871.0
1576.0
1678.0
1800.0
1697.0
1629.0
1638.0
1675.0
1553.0
1623.0
1651.0
1480.0
1441.0
1507.0
1440.0
1486.0
1566.0
1565.0
1449.0
1649.0
1411.0
1487.0
1692.0
1716.0
1756.0
1550.0
Varying Weight
391.0
462.0
379.0
383.0
227.0
177.0
439.0
205.0
435.0
381.0
273.0
354.0
329.0
429.0
318.0
374.0
317.0
505.0
319.0
390.0
369.0
305.0
234.0
338.0
380.0
390.0
392.0
346.0
399.0
348.0
433.0
365.0
471.0
338.0
461.0
268.0
345.0
329.0
213.0
313.0
414.0
303.0
455.0
371.0
307.0
365.0
367.0
451.0
562.0
331.0
379.0
369.0
319.0
449.0
370.0
297.0
345.0
412.0
438.0
355.0
289.0
313.0
370.0
329.0
195.0
317.0
261.0
302.0
382.0
419.0
326.0
260.0
338.0
372.0
364.0
319.0
345.0
273.0
512.0
372.0
377.0
372.0
365.0
333.0
329.0
299.0
370.0
390.0
277.0
384.0
371.0
274.0
397.0
492.0
450.0
347.0
397.0
375.0
447.0
411.0
367.0
326.0
513.0
406.0
409.0
333.0
251.0
428.0
387.0
491.0
377.0
362.0
271.0
362.0
366.0
306.0
450.0
266.0
526.0
346.0
369.0
377.0
396.0
468.0
385.0
375.0
365.0
459.0
391.0
312.0
442.0
331.0
305.0
318.0
296.0
352.0
361.0
403.0
385.0
294.0
372.0
339.0
406.0
421.0
262.0
512.0
274.0
348.0
437.0
321.0
461.0
390.0
316.0
456.0
346.0
353.0
409.0
314.0
300.0
400.0
396.0
485.0
411.0
326.0
423.0
287.0
277.0
401.0
323.0
449.0
268.0
363.0
368.0
364.0
513.0
437.0
292.0
370.0
435.0
381.0
388.0
352.0
400.0
393.0
363.0
425.0
224.0
480.0
565.0
162.0
331.0
232.0
408.0
382.0
367.0
465.0
276.0
400.0
394.0
379.0
363.0
391.0
430.0
443.0
248.0
236.0
421.0
435.0
430.0
351.0
490.0
414.0
449.0
464.0
306.0
394.0
345.0
388.0
391.0
321.0
416.0
289.0
358.0
404.0
359.0
259.0
277.0
433.0
292.0
298.0
419.0
296.0
405.0
328.0
341.0
371.0
366.0
463.0
327.0
364.0
451.0
385.0
332.0
386.0
419.0
475.0
382.0
421.0
336.0
449.0
Varying Cost
97.0
112.0
89.0
93.0
67.0
73.0
69.0
81.0
73.0
70.0
90.0
70.0
95.0
86.0
76.0
91.0
88.0
90.0
67.0
59.0
95.0
93.0
68.0
72.0
100.0
66.0
92.0
84.0
66.0
73.0
90.0
64.0
87.0
70.0
83.0
71.0
82.0
91.0
70.0
57.0
78.0
94.0
81.0
70.0
73.0
79.0
47.0
56.0
85.0
64.0
174.0
160.0
158.0
121.0
153.0
170.0
160.0
183.0
177.0
168.0
110.0
135.0
150.0
114.0
162.0
183.0
108.0
175.0
150.0
135.0
123.0
163.0
125.0
209.0
135.0
126.0
119.0
113.0
171.0
137.0
183.0
135.0
86.0
145.0
142.0
135.0
117.0
145.0
121.0
153.0
144.0
156.0
140.0
134.0
143.0
145.0
107.0
170.0
179.0
223.0
181.0
412.0
430.0
324.0
349.0
303.0
268.0
340.0
326.0
400.0
257.0
320.0
381.0
336.0
305.0
323.0
289.0
361.0
255.0
388.0
385.0
336.0
527.0
299.0
360.0
235.0
394.0
322.0
429.0
300.0
430.0
480.0
430.0
443.0
430.0
310.0
367.0
538.0
284.0
333.0
373.0
271.0
457.0
434.0
371.0
335.0
385.0
313.0
365.0
349.0
792.0
629.0
647.0
831.0
779.0
681.0
938.0
434.0
701.0
766.0
810.0
846.0
745.0
845.0
901.0
506.0
756.0
741.0
787.0
765.0
646.0
852.0
620.0
734.0
580.0
691.0
762.0
644.0
593.0
606.0
765.0
678.0
774.0
606.0
733.0
799.0
770.0
694.0
784.0
706.0
753.0
908.0
486.0
738.0
1012.0
708.0
729.0
738.0
802.0
764.0
3192.0
3194.0
1988.0
5487.0
3645.0
3476.0
3533.0
3341.0
3740.0
3450.0
3528.0
2669.0
3302.0
4527.0
3546.0
4136.0
4734.0
3655.0
3565.0
2652.0
3354.0
2396.0
3016.0
4873.0
2769.0
3670.0
3745.0
3827.0
2973.0
4661.0
2823.0
3449.0
3729.0
5428.0
4370.0
3141.0
4368.0
3511.0
2403.0
3394.0
4333.0
3625.0
4130.0
4072.0
3462.0
3273.0
3684.0
3273.0
4051.0
2683.0
Varying CapToW
78.0
98.0
200.0
60.0
72.0
92.0
235.0
131.0
63.0
123.0
51.0
73.0
222.0
95.0
165.0
77.0
134.0
53.0
164.0
49.0
139.0
114.0
155.0
213.0
181.0
93.0
169.0
150.0
91.0
109.0
87.0
98.0
117.0
173.0
132.0
179.0
221.0
205.0
181.0
0
161.0
161.0
23.0
100.0
77.0
32.0
112.0
125.0
77.0
27.0
237.0
225.0
294.0
236.0
221.0
309.0
325.0
264.0
213.0
177.0
176.0
209.0
207.0
257.0
97.0
224.0
180.0
215.0
158.0
196.0
210.0
270.0
302.0
274.0
138.0
291.0
228.0
438.0
294.0
111.0
291.0
243.0
134.0
259.0
297.0
205.0
200.0
173.0
205.0
152.0
194.0
184.0
172.0
145.0
264.0
187.0
229.0
304.0
153.0
304.0
407.0
386.0
329.0
387.0
326.0
433.0
243.0
367.0
372.0
268.0
274.0
390.0
298.0
347.0
270.0
274.0
311.0
309.0
279.0
292.0
343.0
333.0
397.0
387.0
285.0
355.0
346.0
352.0
360.0
552.0
407.0
251.0
369.0
290.0
308.0
462.0
412.0
353.0
321.0
406.0
196.0
298.0
424.0
306.0
287.0
408.0
254.0
361.0
280.0
380.0
607.0
418.0
404.0
452.0
376.0
356.0
384.0
494.0
520.0
436.0
437.0
448.0
486.0
411.0
386.0
524.0
477.0
485.0
490.0
528.0
486.0
438.0
339.0
355.0
483.0
439.0
613.0
453.0
458.0
440.0
705.0
609.0
448.0
318.0
546.0
502.0
354.0
461.0
464.0
520.0
356.0
556.0
430.0
442.0
473.0
405.0
444.0
570.0
450.0
455.0
518.0
535.0
480.0
531.0
391.0
410.0
428.0
417.0
439.0
658.0
709.0
453.0
553.0
545.0
533.0
229.0
381.0
446.0
445.0
384.0
454.0
578.0
484.0
423.0
368.0
393.0
510.0
320.0
448.0
550.0
577.0
415.0
401.0
516.0
509.0
492.0
531.0
469.0
549.0
586.0
452.0
498.0
437.0
414.0
444.0
559.0
365.0
655.0
602.0
491.0
241.0
166.0
262.0
109.0
160.0
127.0
295.0
318.0
272.0
212.0
207.0
203.0
231.0
272.0
167.0
142.0
150.0
196.0
227.0
215.0
268.0
235.0
168.0
92.0
173.0
204.0
359.0
185.0
281.0
288.0
264.0
356.0
285.0
223.0
167.0
228.0
151.0
161.0
170.0
230.0
194.0
215.0
156.0
197.0
232.0
321.0
199.0
219.0
189.0
214.0
Varying Gran
469.0
438.0
413.0
441.0
426.0
359.0
316.0
438.0
381.0
396.0
393.0
536.0
454.0
371.0
432.0
355.0
369.0
350.0
441.0
415.0
349.0
306.0
417.0
461.0
330.0
388.0
258.0
388.0
297.0
363.0
402.0
301.0
422.0
476.0
320.0
360.0
352.0
372.0
398.0
422.0
356.0
390.0
291.0
507.0
368.0
341.0
519.0
394.0
445.0
317.0
271.0
364.0
284.0
386.0
315.0
392.0
285.0
371.0
483.0
418.0
378.0
413.0
295.0
375.0
320.0
425.0
359.0
315.0
311.0
296.0
346.0
427.0
425.0
305.0
464.0
391.0
309.0
295.0
506.0
383.0
346.0
334.0
274.0
438.0
350.0
392.0
255.0
232.0
424.0
391.0
307.0
363.0
400.0
510.0
378.0
413.0
355.0
377.0
370.0
435.0
303.0
328.0
559.0
347.0
349.0
405.0
347.0
370.0
389.0
451.0
337.0
383.0
435.0
349.0
314.0
345.0
294.0
287.0
424.0
361.0
430.0
276.0
330.0
395.0
318.0
475.0
388.0
423.0
461.0
371.0
371.0
446.0
630.0
412.0
310.0
322.0
453.0
402.0
295.0
449.0
379.0
391.0
274.0
275.0
230.0
526.0
387.0
351.0
355.0
332.0
336.0
309.0
396.0
360.0
401.0
378.0
356.0
389.0
363.0
325.0
371.0
311.0
371.0
523.0
345.0
347.0
417.0
435.0
361.0
467.0
387.0
365.0
252.0
419.0
257.0
380.0
255.0
224.0
406.0
309.0
425.0
345.0
285.0
244.0
432.0
426.0
434.0
417.0
278.0
443.0
418.0
328.0
218.0
448.0
440.0
384.0
347.0
279.0
397.0
355.0
452.0
361.0
381.0
366.0
418.0
404.0
351.0
341.0
364.0
256.0
354.0
459.0
367.0
371.0
280.0
418.0
447.0
269.0
399.0
347.0
423.0
343.0
362.0
287.0
439.0
292.0
455.0
343.0
432.0
295.0
384.0
341.0
353.0
345.0
419.0
356.0
329.0
440.0
271.0
314.0
294.0
551.0
247.0
453.0
354.0
320.0
337.0
409.0
273.0
397.0
473.0
390.0
421.0
390.0
502.0
385.0
388.0
318.0
289.0
351.0
352.0
284.0
424.0
263.0
459.0
567.0
425.0
372.0
416.0
369.0
267.0
344.0
422.0
347.0
495.0
397.0
525.0
361.0
470.0
369.0
260.0
380.0
285.0
326.0
273.0
378.0
240.0
527.0
355.0
494.0
450.0
331.0
422.0
357.0
404.0
493.0
361.0
339.0
434.0
328.0
