0 10 265 62 65 56 86 98 52 4 100 27 64 79 94 60 26 22 35 45 73 77 52
1 10 280 19 41 78 32 59 60 31 53 87 11 72 100 76 79 85 25 30 88 24 9
2 10 268 4 2 54 63 79 75 97 76 99 73 27 70 65 56 1 75 68 31 42 98
3 10 240 6 69 76 90 93 58 30 68 66 33 22 19 47 52 46 43 27 44 68 6
4 10 313 65 84 61 66 59 28 96 37 34 89 87 91 57 14 80 49 71 61 17 88
5 10 336 45 38 59 91 89 4 86 68 99 5 73 64 40 85 29 50 65 76 87 50
6 10 271 65 25 40 73 38 71 22 61 32 90 48 28 79 6 71 19 61 56 86 60
7 10 226 12 10 75 51 95 3 53 59 30 39 8 94 63 47 19 52 17 40 81 12
8 10 236 28 59 69 98 77 30 5 15 41 68 24 15 70 70 22 80 98 12 39 44
9 10 211 26 37 62 78 6 1 41 5 33 52 84 91 21 33 19 2 89 85 42 56
10 10 268 61 8 78 82 76 99 62 73 11 52 16 36 89 77 65 94 29 6 50 13
11 10 256 9 86 55 29 70 74 82 59 10 75 66 70 43 52 57 94 65 82 56 16
12 10 184 49 43 4 78 8 49 58 65 51 71 73 36 25 54 5 50 35 15 60 10
13 10 233 33 81 43 75 84 52 20 48 75 16 81 18 19 58 25 20 16 89 70 38
14 10 256 13 5 62 66 61 12 53 28 23 14 60 3 56 34 87 7 6 86 91 80
15 10 247 1 24 97 72 33 73 91 100 13 60 37 26 16 99 28 62 95 55 84 8
16 10 162 14 86 64 100 24 22 5 10 65 36 10 88 33 81 20 5 71 20 18 82
17 10 309 56 43 49 6 85 29 67 80 35 2 39 1 40 54 100 63 76 56 72 92
18 10 246 91 34 79 75 14 50 32 37 69 49 70 77 43 71 34 79 51 53 10 85
19 10 247 54 49 85 93 2 36 8 29 43 79 20 34 64 50 60 78 91 66 68 91
20 10 210 87 96 33 57 30 64 7 82 73 44 28 32 27 64 39 55 6 69 91 33
21 10 306 76 3 62 27 93 79 47 84 65 42 68 74 23 31 80 56 56 75 43 28
22 10 257 3 74 54 18 64 61 75 32 87 18 16 14 20 77 41 64 55 39 99 72
23 10 295 80 67 45 3 49 76 10 4 51 52 32 5 77 37 74 92 97 48 76 35
24 10 173 17 91 1 88 20 93 4 26 31 2 97 62 68 41 16 69 26 72 67 29
25 10 200 55 23 6 92 96 49 40 95 24 27 64 15 27 51 34 19 54 11 1 8
26 10 257 8 62 27 48 78 95 16 3 67 34 31 73 56 88 51 89 98 12 82 61
27 10 201 78 60 11 11 17 74 30 76 81 91 2 28 68 97 96 22 15 29 5 39
28 10 234 85 44 55 87 32 62 84 44 43 44 21 54 7 84 83 75 9 12 50 89
29 10 233 2 3 68 22 51 63 95 17 92 99 56 28 10 14 26 23 50 21 17 93
30 10 266 94 70 51 29 52 25 37 63 26 77 16 29 44 37 79 7 84 96 50 82
31 10 245 3 29 28 64 42 6 86 91 26 2 36 71 71 86 51 22 63 39 84 88
32 10 177 15 51 16 59 88 47 17 71 42 18 4 96 46 32 59 39 37 44 30 14
33 10 214 45 17 37 67 2 87 88 64 78 23 4 92 73 19 50 12 17 18 34 10
34 10 165 35 38 5 80 21 63 19 9 6 100 74 2 16 62 68 69 1 7 85 78
35 10 265 29 88 69 54 58 71 65 75 88 99 36 23 41 54 60 3 24 68 61 23
36 10 339 93 62 90 55 82 11 55 88 95 84 69 34 52 22 43 22 38 69 62 88
37 10 277 5 36 27 45 89 86 99 13 59 87 98 73 29 4 54 39 10 93 85 93
38 10 234 61 70 96 34 12 70 72 33 31 11 37 18 38 33 58 23 22 80 42 9
39 10 295 29 66 89 32 71 27 93 63 63 37 76 32 32 61 95 53 27 35 15 52
40 10 296 32 99 10 6 82 31 85 23 91 13 40 79 96 10 57 40 24 19 76 51
41 10 242 50 60 12 97 64 95 23 99 89 90 20 88 11 78 69 94 62 43 84 27
42 10 227 82 15 74 43 71 14 19 42 41 69 43 52 80 39 16 27 14 14 15 3
43 10 263 15 87 42 78 64 11 71 77 53 6 55 87 20 81 29 43 94 47 84 86
44 10 276 68 26 90 99 17 5 25 30 70 92 84 36 78 25 13 93 87 83 21 40
45 10 202 89 28 78 60 8 58 2 53 57 37 38 24 15 27 22 31 83 99 12 52
46 10 318 90 95 88 67 71 52 11 58 35 31 97 75 58 26 34 65 83 88 69 39
47 10 246 76 7 62 90 85 36 72 20 34 83 23 23 29 62 41 100 14 51 57 48
48 10 245 33 5 74 43 30 59 59 12 98 28 3 74 86 16 15 22 51 39 41 36
49 10 255 21 16 58 50 77 50 1 90 57 89 85 61 62 79 42 73 37 5 70 16
