0 10 259 86 22 89 83 61 94 85 66 14 30 43 47 32 40 28 60 3 32 77 18
1 10 233 2 18 39 47 42 8 1 60 87 38 97 60 78 79 20 72 63 86 37 45
2 10 226 80 83 28 71 62 87 25 93 99 2 11 100 19 49 47 60 9 99 72 47
3 10 334 88 68 7 66 99 26 89 13 63 25 57 94 84 17 68 22 41 12 73 94
4 10 302 74 72 12 75 70 24 83 68 47 29 56 14 87 73 13 61 77 27 85 33
5 10 264 73 43 69 89 62 42 29 73 14 75 99 38 86 73 7 61 55 27 35 34
6 10 172 73 22 6 36 86 66 12 64 2 97 36 44 17 24 5 58 29 24 79 27
7 10 216 61 16 99 19 29 5 45 87 92 78 11 65 35 47 50 100 10 13 1 58
8 10 267 1 96 74 24 100 32 80 81 55 10 7 67 26 58 85 6 14 30 92 57
9 10 242 59 3 21 94 1 22 45 62 87 46 20 87 41 93 62 93 76 42 73 82
10 10 300 51 31 28 40 85 33 6 66 77 62 76 31 35 69 83 56 66 44 94 11
11 10 219 15 80 3 60 42 47 87 35 71 69 37 2 68 17 93 4 1 50 21 77
12 10 186 64 97 59 98 17 41 5 82 37 99 44 51 30 99 62 23 45 49 9 16
13 10 268 17 46 69 36 14 13 92 14 63 12 43 78 60 53 75 77 94 31 10 82
14 10 278 81 54 84 63 4 46 85 48 94 46 15 62 43 35 49 56 40 21 62 52
15 10 206 63 91 68 65 39 61 47 1 94 80 6 77 42 9 22 78 8 15 23 23
16 10 237 76 65 9 25 72 8 16 93 21 19 7 11 82 74 27 72 86 26 79 5
17 10 252 77 56 98 85 29 75 93 44 50 67 71 14 27 47 38 35 15 30 7 33
18 10 295 88 18 14 62 96 86 99 21 57 78 25 86 85 22 70 13 49 14 8 98
19 10 297 32 31 63 59 29 100 45 43 81 51 76 21 20 41 82 16 78 32 88 87
20 10 246 61 65 72 97 86 41 10 86 7 69 35 38 51 98 48 80 49 44 74 82
21 10 196 47 1 2 66 42 35 33 19 18 21 57 79 37 28 75 74 21 36 60 27
22 10 182 57 94 16 7 43 16 38 44 59 12 77 5 12 30 23 5 7 76 33 79
23 10 289 32 11 15 60 38 89 73 48 58 81 93 25 88 88 40 77 83 51 59 7
24 10 229 52 88 29 8 3 88 35 35 66 67 98 81 78 35 21 9 59 20 18 40
25 10 255 12 94 79 51 34 7 33 36 95 91 42 98 30 71 57 84 58 92 71 75
26 10 230 10 68 7 39 54 27 99 64 46 16 55 10 9 85 60 94 92 45 29 38
27 10 292 35 71 87 17 93 43 2 34 70 76 95 89 33 94 61 31 10 59 98 64
28 10 196 20 59 1 31 4 92 75 33 29 62 55 15 78 99 9 29 95 51 27 89
29 10 199 39 13 22 85 74 4 94 84 2 9 3 60 9 33 15 100 60 47 80 21
30 10 251 53 46 50 51 55 78 2 49 28 81 89 19 93 10 18 66 48 1 67 56
31 10 317 55 78 65 40 92 16 99 91 96 71 95 41 20 98 47 49 29 31 36 99
32 10 216 24 97 53 93 62 100 46 80 7 100 9 71 91 53 87 41 43 34 11 89
33 10 231 26 82 86 73 83 85 71 11 67 6 9 90 55 61 35 68 12 80 18 31
34 10 252 8 89 22 60 27 14 54 60 77 43 85 10 28 9 92 64 80 2 31 37
35 10 238 62 72 43 22 6 11 33 37 10 51 68 17 91 41 29 69 54 82 80 82
36 10 273 76 16 92 4 25 83 67 56 37 49 44 98 21 87 72 78 97 4 15 58
37 10 266 6 82 26 48 74 54 16 27 88 95 61 63 63 52 18 87 86 37 94 74
38 10 261 85 37 72 57 23 43 35 71 98 49 80 4 82 6 3 55 11 19 33 50
39 10 257 65 93 27 96 82 65 18 58 7 55 47 78 11 69 72 45 92 70 93 23
40 10 216 25 26 80 27 91 97 13 92 62 5 56 40 1 90 5 34 59 14 40 13
41 10 280 60 70 24 81 41 68 62 13 46 86 38 26 65 18 68 61 82 11 74 86
42 10 308 67 14 38 8 70 23 66 35 15 79 95 84 54 27 76 73 50 38 85 47
43 10 272 75 75 72 39 44 91 52 25 2 25 62 20 90 52 27 11 74 44 46 40
44 10 251 74 92 23 27 70 51 100 71 40 36 17 14 62 41 5 5 31 56 81 32
45 10 200 32 95 3 74 46 29 84 71 25 81 11 98 24 85 77 93 35 28 63 74
46 10 202 15 80 40 77 20 44 33 2 51 14 86 34 8 88 7 5 69 43 75 93
47 10 279 75 85 42 99 70 18 43 56 97 6 82 12 37 21 88 8 16 72 9 18
48 10 274 85 94 51 44 34 10 48 2 4 23 94 78 59 87 28 80 57 71 88 53
49 10 219 28 69 64 64 41 3 23 56 75 83 25 11 29 27 55 62 36 54 63 91
