0 10 143 60 36 28 29 42 31 11 13 3 72 16 8 50 79 9 78 46 45 22 7
1 10 232 92 93 82 28 66 37 23 19 5 12 42 64 99 22 44 92 4 6 7 78
2 10 311 71 66 79 49 74 56 95 71 78 1 14 22 34 41 88 70 64 58 26 27
3 10 264 99 41 26 72 85 17 28 42 73 34 71 43 49 92 25 5 38 47 34 90
4 10 254 60 55 24 52 94 45 67 51 71 94 2 11 25 47 39 52 89 63 37 59
5 10 259 6 88 60 49 64 64 38 10 97 27 21 3 50 24 47 91 99 69 36 100
6 10 276 79 58 25 78 96 76 18 11 65 28 16 52 87 16 15 2 53 24 98 79
7 10 230 96 53 81 19 1 79 61 99 47 48 51 77 5 27 54 53 2 23 63 66
8 10 266 51 30 69 37 45 83 91 49 6 88 27 53 92 59 72 92 37 84 43 83
9 10 253 32 93 12 36 19 65 88 72 40 2 90 90 31 58 78 27 41 68 75 98
10 10 174 8 54 3 51 12 74 43 1 57 37 35 40 29 46 76 99 63 15 22 54
11 10 208 17 11 43 99 21 72 26 13 92 100 10 99 53 12 49 17 37 43 69 46
12 10 254 31 55 85 11 53 12 9 67 27 31 20 95 93 14 45 13 70 25 76 22
13 10 207 87 26 26 50 27 94 39 21 62 84 52 69 20 62 21 32 71 87 10 53
14 10 267 6 4 97 19 48 10 55 70 86 83 91 72 8 68 74 34 62 12 7 23
15 10 211 95 58 43 66 19 63 97 41 1 6 45 58 61 42 28 61 3 83 30 88
16 10 224 65 72 12 24 39 85 10 100 48 16 75 94 73 69 59 43 32 56 36 32
17 10 229 13 80 42 26 73 69 86 75 3 67 15 19 90 26 43 80 62 52 32 9
18 10 270 67 6 54 91 74 12 33 57 19 20 41 32 82 57 72 2 94 99 5 12
19 10 263 13 23 1 38 65 80 51 68 11 11 86 68 64 76 94 75 61 50 80 42
20 10 245 77 31 75 85 55 77 30 53 33 41 17 55 41 54 72 72 56 39 35 66
21 10 254 25 2 81 52 95 55 12 97 44 90 28 74 65 12 93 93 32 25 33 48
22 10 255 31 73 53 2 97 60 93 31 25 69 32 57 20 79 64 84 27 63 68 43
23 10 257 84 6 80 76 99 63 31 11 56 15 4 75 76 34 51 44 17 8 16 47
24 10 265 71 99 25 85 93 27 76 76 85 55 4 83 70 55 65 80 20 94 21 23
25 10 229 20 96 8 71 92 25 78 59 23 48 57 48 84 33 63 8 19 47 15 22
26 10 299 29 84 77 45 15 13 65 60 33 39 80 81 99 50 24 23 79 82 97 78
27 10 277 38 44 61 22 87 23 29 6 69 95 27 49 78 55 94 44 68 10 4 52
28 10 239 35 84 98 36 7 72 14 88 69 91 77 64 3 98 51 26 79 56 46 73
29 10 197 34 47 3 41 40 98 60 1 1 11 35 47 50 70 53 21 93 41 25 69
30 10 273 5 28 19 7 49 62 50 21 47 96 75 87 87 73 98 39 25 9 91 12
31 10 179 55 40 33 59 12 68 51 53 44 72 9 71 90 15 27 38 28 29 10 26
32 10 231 76 37 13 63 9 10 53 33 70 43 96 76 34 29 35 46 37 50 39 8
33 10 229 10 62 49 24 88 38 3 68 28 44 36 92 58 96 54 10 80 23 53 76
34 10 342 51 86 4 37 83 99 73 32 89 33 93 2 33 16 90 71 70 57 98 52
35 10 236 57 89 9 52 42 19 83 17 23 58 19 60 13 55 95 63 79 78 52 11
36 10 244 71 53 44 86 94 66 8 3 87 5 54 43 45 15 46 39 33 80 7 7
37 10 265 38 25 18 50 31 12 65 9 90 16 72 60 20 67 97 14 32 4 68 18
38 10 302 60 73 12 57 87 9 47 71 88 53 77 77 29 47 79 59 58 43 67 99
39 10 248 10 38 58 29 56 7 94 87 62 13 22 86 19 30 72 79 76 43 28 71
40 10 214 95 56 17 25 66 27 19 32 25 28 22 35 9 77 93 54 16 54 67 23
41 10 241 27 52 42 56 75 20 83 17 38 10 40 85 17 8 61 82 34 80 66 11
42 10 229 59 39 97 67 15 89 73 82 42 39 5 21 46 76 16 17 85 7 20 76
43 10 202 43 89 83 3 22 69 34 87 31 93 25 27 11 92 67 83 60 73 29 80
44 10 226 14 26 56 82 95 66 18 53 37 45 25 27 49 47 47 83 85 77 27 62
45 10 207 55 89 53 73 72 77 33 44 58 12 10 83 19 43 29 36 12 81 73 56
46 10 298 75 97 34 76 95 33 10 80 61 36 41 16 76 45 88 47 73 72 43 30
47 10 342 84 4 65 54 98 93 90 9 74 14 16 100 62 1 75 57 33 36 88 94
48 10 249 23 80 61 99 76 100 45 48 72 39 30 7 42 46 60 91 38 1 51 63
49 10 244 14 66 63 28 19 89 36 51 25 23 96 99 54 56 97 29 56 94 28 79
