0 10 262 70 43 76 92 32 13 93 19 5 96 62 13 98 22 9 73 26 77 54 88
1 10 255 44 66 3 81 57 10 27 47 40 22 59 62 64 86 53 96 98 97 66 54
2 10 203 44 79 66 41 1 26 13 78 3 66 46 31 20 78 87 29 57 86 69 78
3 10 293 96 82 94 81 86 41 30 82 6 35 26 84 53 66 36 78 79 14 80 96
4 10 334 79 78 27 50 7 13 78 15 98 98 93 45 86 25 64 78 54 98 83 89
5 10 272 75 18 41 92 54 18 22 67 50 18 97 79 44 46 37 8 52 58 73 96
6 10 168 2 3 33 27 19 10 32 68 92 20 42 61 12 33 14 82 7 32 83 24
7 10 263 80 13 19 77 49 78 52 52 35 24 47 89 78 79 15 96 88 98 63 31
8 10 245 70 56 44 81 41 9 14 47 96 22 72 60 40 49 9 69 100 12 4 75
9 10 209 59 92 52 37 58 100 77 55 62 59 24 18 2 57 11 70 56 3 18 77
10 10 317 74 29 68 74 89 36 73 1 91 99 59 82 51 47 50 75 46 63 34 21
11 10 325 80 35 77 89 97 99 44 99 68 72 25 96 39 98 85 75 71 85 65 69
12 10 258 43 99 71 41 89 72 16 86 35 49 7 66 84 33 2 82 74 6 96 12
13 10 191 4 80 38 26 16 55 46 10 5 17 50 93 88 65 31 74 65 37 40 52
14 10 174 23 46 35 56 47 68 7 20 26 54 84 81 33 73 6 100 79 3 9 83
15 10 270 71 59 28 11 75 58 84 92 46 75 43 68 20 29 19 96 82 90 73 87
16 10 284 25 53 72 98 10 71 76 13 80 11 83 38 38 45 64 47 29 55 92 3
17 10 277 49 11 75 77 38 93 25 71 82 97 57 59 50 28 56 59 99 83 23 30
18 10 199 93 6 19 82 50 82 28 30 37 71 85 85 34 59 14 23 3 38 36 86
19 10 168 1 94 35 29 46 79 84 68 8 28 25 26 10 27 59 89 56 95 12 92
20 10 232 32 45 50 45 67 4 34 59 40 19 11 85 6 39 86 51 69 21 70 76
21 10 247 48 95 53 9 21 12 98 28 58 9 20 89 5 21 85 71 25 18 81 16
22 10 233 89 91 94 82 37 96 50 57 65 78 5 11 30 65 31 93 14 11 51 74
23 10 269 30 91 78 2 28 100 26 97 32 41 85 75 93 30 56 29 25 57 86 42
24 10 168 34 42 52 16 6 35 8 72 45 10 26 1 23 27 28 74 53 24 61 80
25 10 210 89 90 87 18 67 43 55 8 29 96 11 44 53 45 3 24 13 69 14 65
26 10 224 43 41 44 16 45 19 21 41 79 52 30 21 38 47 87 81 53 46 9 48
27 10 260 56 4 1 6 76 41 70 44 7 86 86 99 29 53 43 100 74 35 78 25
28 10 262 64 50 63 62 88 95 14 33 55 13 41 10 65 93 67 40 33 37 35 39
29 10 288 74 72 37 55 24 31 54 97 66 83 81 33 88 95 72 34 8 5 73 97
30 10 221 49 37 89 15 76 21 3 10 12 77 33 48 31 56 79 36 53 96 18 78
31 10 332 76 2 65 70 74 50 30 30 89 2 26 37 90 14 51 17 86 6 78 97
32 10 243 34 10 97 16 65 75 51 69 70 68 46 97 22 62 67 95 11 48 24 51
33 10 311 49 1 87 90 14 90 6 51 47 83 80 92 96 95 56 70 97 25 91 16
34 10 226 22 87 37 36 5 31 98 52 6 49 52 6 35 41 71 76 46 22 80 21
35 10 203 1 71 16 47 79 37 43 55 27 59 28 65 47 63 70 78 61 73 35 9
36 10 294 25 41 95 17 63 23 84 44 94 56 97 65 23 43 11 38 49 89 48 76
37 10 249 54 94 91 75 23 51 47 58 11 23 50 57 40 12 79 54 48 75 55 71
38 10 274 63 30 65 57 40 54 57 29 1 85 34 47 75 60 69 77 58 78 87 33
39 10 258 27 95 72 91 26 77 90 100 75 44 22 38 73 86 46 65 40 55 45 92
40 10 262 39 78 38 13 89 7 41 46 36 27 78 15 73 1 5 98 29 94 97 4
41 10 282 89 18 93 14 56 38 78 47 44 22 38 82 51 76 46 39 34 86 36 69
42 10 243 64 66 83 37 18 39 86 47 32 35 50 73 4 42 59 31 63 57 27 36
43 10 233 95 8 86 22 6 76 55 43 63 75 7 28 10 95 46 48 32 92 66 93
44 10 225 4 70 86 89 80 16 3 37 42 38 31 2 75 52 59 50 58 1 12 84
45 10 311 59 92 93 5 89 41 37 32 72 2 24 27 71 9 15 51 76 69 87 70
46 10 255 58 69 23 32 72 81 33 81 96 64 92 87 57 96 27 97 32 58 20 86
47 10 292 81 46 56 41 12 58 69 32 96 90 89 16 20 87 44 4 19 76 99 83
48 10 252 19 38 39 67 64 87 50 22 58 35 54 55 91 47 66 100 15 97 48 56
49 10 292 85 63 67 56 50 62 59 68 89 9 2 8 46 92 74 10 30 23 83 87
