0 10 93 17 78 18 100 64 94 43 53 68 68 26 38 23 15 38 59 75 15 93 96
1 10 90 99 98 39 66 21 22 47 83 13 80 55 29 9 72 28 73 65 22 77 84
2 10 104 42 2 21 64 69 11 22 95 25 66 75 63 81 92 83 2 90 18 14 69
3 10 116 72 94 30 96 73 54 60 95 96 88 84 16 3 52 78 76 46 3 41 88
4 10 90 29 3 68 21 37 21 62 54 35 83 78 28 12 73 1 65 84 47 46 79
5 10 102 86 29 47 88 32 24 63 30 78 3 69 59 5 88 31 41 8 92 94 74
6 10 82 24 74 85 48 26 1 31 72 99 62 57 27 8 96 11 83 58 40 13 12
7 10 66 8 71 16 47 53 8 54 44 6 48 18 29 73 54 28 98 7 11 69 5
8 10 114 72 77 83 31 24 93 65 81 32 77 44 91 99 11 89 3 18 43 47 76
9 10 97 42 16 4 14 21 84 11 79 94 31 83 65 59 66 95 34 10 11 66 94
10 10 111 88 9 36 38 19 25 41 88 39 63 60 54 67 25 26 2 87 5 95 69
11 10 108 39 11 79 4 5 12 66 67 77 59 54 85 94 44 3 70 36 42 88 74
12 10 84 5 47 79 23 23 4 24 61 60 18 29 99 28 7 54 84 70 19 50 46
13 10 100 29 56 82 75 51 36 44 86 78 32 11 82 30 89 4 5 79 65 96 94
14 10 111 54 75 52 7 10 22 78 11 19 6 66 53 80 68 88 76 53 17 59 63
15 10 81 50 88 3 53 44 47 83 9 2 78 54 55 4 5 13 13 78 90 76 49
16 10 107 96 93 1 27 61 40 54 13 57 12 28 58 52 30 63 95 45 55 81 75
17 10 90 8 35 78 65 100 43 94 89 18 42 36 10 15 70 34 68 35 42 32 14
18 10 111 51 83 95 13 29 75 58 36 55 32 43 42 61 59 41 3 53 81 72 46
19 10 87 17 34 40 31 55 25 50 41 18 81 54 68 15 1 81 96 75 38 31 81
20 10 112 21 25 22 81 84 14 88 95 7 33 63 40 72 93 47 96 94 87 65 27
21 10 86 93 33 41 93 13 88 19 2 70 99 22 47 73 2 30 86 37 69 32 96
22 10 74 1 94 87 25 38 33 72 84 37 10 64 69 2 8 33 90 26 34 11 76
23 10 76 7 57 48 8 38 86 97 6 17 92 63 78 31 52 2 35 34 90 44 97
24 10 99 58 46 56 42 87 81 27 49 33 6 93 43 41 89 49 9 32 7 23 9
25 10 92 89 75 23 42 9 56 32 5 4 41 2 59 83 40 91 9 88 99 42 93
26 10 105 54 86 88 46 74 88 6 57 46 29 17 34 55 40 75 15 95 6 19 51
27 10 95 47 72 9 81 11 100 89 99 98 82 43 3 67 82 92 69 5 100 14 85
28 10 89 17 99 91 56 74 58 2 31 76 4 29 100 13 9 10 64 50 60 83 55
29 10 99 15 2 36 66 93 5 22 45 70 59 61 69 49 68 94 6 21 24 34 25
30 10 92 5 85 37 65 94 52 14 6 64 49 60 30 50 47 95 94 3 68 38 73
31 10 97 26 98 93 27 65 86 32 38 61 17 62 65 1 50 82 47 47 4 16 95
32 10 132 63 45 44 61 91 38 64 10 75 88 36 73 80 62 89 17 45 26 77 62
33 10 106 39 94 14 88 75 60 88 21 63 3 16 77 99 59 38 41 48 53 51 23
34 10 105 40 86 47 71 99 35 87 43 13 63 56 51 8 70 91 82 29 78 55 44
35 10 98 33 70 20 83 80 9 76 28 61 26 2 52 63 48 22 13 82 8 55 46
36 10 109 23 63 49 30 32 39 64 12 68 18 55 52 39 75 87 70 35 62 97 96
37 10 124 39 50 99 53 97 21 65 31 80 71 76 54 33 76 84 64 14 47 34 16
38 10 116 82 85 54 56 71 23 43 84 72 90 22 21 88 74 18 60 90 48 40 61
39 10 103 75 45 93 3 28 9 68 26 36 1 41 17 38 46 25 60 69 67 44 92
40 10 125 56 17 12 43 43 81 55 32 80 46 92 7 90 37 9 70 97 76 95 32
41 10 109 29 88 66 85 24 25 53 42 20 96 97 37 60 92 79 40 46 10 72 91
42 10 88 54 78 32 42 38 1 13 48 21 41 35 20 58 71 44 83 76 85 71 34
43 10 91 90 30 25 20 22 22 30 93 64 35 95 76 59 96 13 23 43 33 16 29
44 10 112 52 73 99 47 7 74 84 61 97 17 2 26 93 22 47 14 3 91 77 37
45 10 91 12 23 64 70 18 76 45 12 60 60 92 63 84 91 10 43 16 45 55 12
46 10 78 61 8 90 5 29 88 18 83 79 46 71 90 20 34 12 38 9 8 1 20
47 10 102 19 93 83 2 35 44 96 2 88 50 14 100 58 55 4 38 42 73 73 20
48 10 97 70 43 62 89 77 73 26 37 32 79 57 50 71 39 3 5 82 99 6 69
49 10 77 71 68 9 25 23 99 19 95 38 64 13 51 52 89 75 30 78 6 8 34
