0 10 57 34 72 77 64 82 83 95 96 56 28 78 40 10 2 89 39 3 6 47 28
1 10 53 34 98 17 10 30 24 78 88 82 72 88 16 95 16 31 29 51 77 24 6
2 10 44 5 54 97 66 55 85 4 57 42 3 37 28 100 53 30 28 66 69 10 89
3 10 34 8 25 36 23 7 16 25 83 39 82 92 79 56 99 15 60 55 57 14 43
4 10 74 84 13 47 72 94 75 89 62 30 21 60 65 96 66 80 20 70 2 91 14
5 10 51 32 46 12 46 57 18 54 70 61 37 83 7 60 76 33 1 90 16 30 10
6 10 47 75 46 57 92 77 77 44 46 30 34 11 61 31 74 58 88 92 12 4 100
7 10 68 91 62 60 19 95 60 8 62 41 69 89 86 78 32 62 54 75 59 83 60
8 10 64 70 95 91 95 52 78 38 63 86 41 63 77 55 74 47 1 85 6 62 25
9 10 68 74 50 10 51 82 23 56 8 81 90 68 2 84 58 97 36 87 34 50 72
10 10 59 27 12 33 37 46 33 21 51 97 77 48 58 79 29 80 87 88 13 76 55
11 10 59 66 60 64 62 47 50 48 96 74 26 60 25 58 48 71 42 21 73 87 17
12 10 41 1 34 27 80 14 6 66 2 70 93 8 36 4 72 49 2 73 48 98 98
13 10 48 73 9 23 82 56 45 75 76 69 14 45 70 47 71 1 13 28 18 66 50
14 10 51 10 73 85 66 96 85 67 21 33 16 18 57 24 92 91 32 36 65 59 5
15 10 56 78 55 26 77 77 26 41 5 43 58 54 4 82 90 69 78 36 50 58 51
16 10 48 67 67 27 59 57 10 46 73 68 2 3 75 31 51 52 23 55 46 80 60
17 10 45 50 61 1 18 90 27 53 39 36 56 58 54 82 16 62 91 13 35 10 15
18 10 56 89 84 41 19 35 93 90 72 53 39 32 5 57 22 83 61 12 71 68 69
19 10 66 24 49 84 86 91 49 72 53 63 12 88 3 82 74 47 74 67 37 45 19
20 10 43 27 76 75 83 49 58 96 61 28 63 29 3 64 65 40 6 13 63 10 27
21 10 55 74 98 81 55 71 28 28 37 16 72 7 42 100 82 77 100 39 24 60 18
22 10 40 38 41 72 53 57 12 11 21 74 20 47 48 17 27 54 40 6 82 28 73
23 10 34 5 35 67 4 68 95 4 58 18 15 75 7 7 98 60 63 9 22 35 83
24 10 37 41 33 82 10 60 35 1 17 68 28 42 73 14 8 28 81 2 83 38 71
25 10 46 50 64 29 56 62 40 71 22 61 5 4 54 38 37 63 49 72 63 17 39
26 10 48 42 58 63 56 17 91 88 18 25 78 40 74 93 69 30 6 60 52 28 21
27 10 44 56 83 74 45 20 88 45 43 2 62 33 43 71 96 50 88 38 90 57 62
28 10 46 67 97 36 11 17 17 76 68 44 48 75 78 21 20 49 8 16 91 61 29
29 10 67 76 4 23 5 87 12 94 95 73 60 91 60 71 59 28 39 95 34 34 70
30 10 47 11 7 41 60 66 56 2 27 37 29 30 36 51 34 74 62 80 68 87 39
31 10 46 11 98 61 69 26 51 55 72 84 41 93 95 47 33 6 12 41 59 38 77
32 10 37 88 19 64 90 53 37 4 32 42 22 14 39 35 35 16 85 41 88 21 81
33 10 38 80 67 27 65 24 91 5 82 28 33 21 47 96 63 51 84 18 34 39 59
34 10 52 7 53 97 93 39 13 30 79 50 12 31 16 38 95 80 99 72 8 83 93
35 10 43 6 30 7 56 13 24 41 52 82 47 56 30 92 94 42 21 24 93 70 35
36 10 55 24 85 25 70 75 4 21 46 63 3 90 68 85 96 97 71 67 100 4 66
37 10 45 7 34 57 52 27 77 76 72 98 62 47 34 38 16 8 94 36 5 56 39
38 10 54 95 76 75 42 2 71 65 69 23 68 86 81 1 42 33 28 70 60 99 67
39 10 44 73 97 11 12 59 4 48 63 38 9 12 3 40 34 67 60 56 34 45 89
40 10 44 87 38 21 14 7 32 64 25 4 60 76 66 71 34 70 48 32 7 9 69
41 10 39 18 11 60 4 77 71 11 62 15 99 48 52 71 13 10 2 28 34 58 39
42 10 49 9 23 62 94 44 31 42 27 90 50 47 7 12 7 40 77 73 53 71 1
43 10 52 47 42 65 57 43 93 42 100 31 51 75 44 96 18 37 44 64 38 22 1
44 10 49 48 84 40 77 56 93 72 78 45 70 19 9 26 14 53 20 65 36 70 39
45 10 56 79 65 8 5 54 3 68 43 45 42 96 92 77 35 20 32 43 9 75 13
46 10 62 80 84 90 93 88 9 9 23 78 48 54 95 55 58 58 26 94 2 19 89
47 10 50 45 95 76 17 78 54 59 86 29 23 17 64 13 61 51 21 70 26 69 79
48 10 68 97 75 88 48 84 13 41 37 83 82 34 77 57 50 54 62 60 92 90 83
49 10 45 8 5 47 21 67 42 85 17 10 15 65 84 2 12 68 67 53 56 49 34
