0 10 93 4 20 9 72 54 84 64 23 3 96 71 20 96 45 30 53 76 4 60 29
1 10 82 40 10 5 14 44 80 20 23 11 64 33 66 83 41 37 88 76 53 62 30
2 10 99 33 2 95 29 31 99 4 86 59 85 77 20 89 43 15 20 62 38 30 77
3 10 114 22 47 12 62 83 99 89 87 61 19 87 45 72 33 73 54 32 28 39 42
4 10 110 12 15 61 52 57 75 71 70 64 52 47 85 98 58 33 8 39 19 68 9
5 10 125 5 64 80 38 88 33 21 16 71 62 79 85 74 83 94 48 53 63 64 57
6 10 94 9 48 54 18 98 86 78 36 57 97 44 61 61 75 50 100 7 70 15 77
7 10 79 83 46 13 56 80 58 56 84 21 19 40 81 18 94 51 15 31 28 2 87
8 10 101 24 97 36 71 49 36 77 71 2 5 5 99 70 61 78 27 68 62 99 86
9 10 85 1 80 55 46 82 22 77 61 23 15 36 20 14 72 42 15 59 19 37 60
10 10 79 75 41 11 44 53 88 23 20 1 21 5 54 52 12 99 85 33 27 45 55
11 10 97 42 81 26 7 4 68 73 62 38 9 64 50 83 8 54 23 82 74 23 54
12 10 87 30 76 6 41 27 42 73 5 87 80 46 19 57 5 22 76 77 35 13 38
13 10 71 7 29 39 42 36 92 16 69 65 90 22 95 18 79 87 44 21 60 48 59
14 10 112 91 46 77 47 2 50 23 30 84 87 67 42 15 5 83 2 49 50 70 13
15 10 117 40 44 59 57 22 46 52 94 57 99 47 96 80 93 97 81 67 27 64 54
16 10 114 45 58 20 50 40 22 98 42 43 62 81 86 73 37 60 70 88 5 26 38
17 10 96 9 24 34 88 68 82 69 35 8 84 40 5 41 11 54 33 84 3 74 79
18 10 113 16 54 88 42 75 9 81 80 86 18 9 3 27 77 37 47 63 96 83 54
19 10 129 100 23 64 53 7 100 32 78 23 37 93 62 78 68 71 10 99 56 80 38
20 10 90 17 82 64 45 70 63 7 66 45 12 65 19 27 70 78 26 76 9 3 50
21 10 82 46 48 12 75 15 34 85 65 41 64 54 57 97 69 1 67 31 59 32 27
22 10 132 70 48 46 49 17 75 74 93 83 29 94 28 76 5 55 42 90 39 58 31
23 10 145 54 11 87 2 79 40 68 10 98 51 88 20 51 33 67 59 93 11 42 21
24 10 89 5 21 48 61 75 89 51 65 46 33 18 56 71 20 35 10 39 96 60 42
25 10 108 83 79 92 68 98 10 26 90 21 19 63 25 40 10 37 66 51 39 31 48
26 10 71 71 48 4 42 19 90 3 58 37 14 51 71 44 42 90 41 16 83 23 86
27 10 109 97 99 77 58 36 43 8 74 73 56 72 11 90 43 52 44 40 58 2 10
28 10 89 1 95 42 97 67 76 72 52 70 29 29 57 23 89 83 95 44 79 18 6
29 10 100 20 60 57 63 11 96 64 57 21 58 56 14 7 74 89 78 78 12 99 6
30 10 95 40 56 28 80 38 74 23 68 43 80 87 55 88 1 17 35 21 81 92 41
31 10 72 90 99 6 48 73 94 25 50 5 76 7 96 31 86 76 20 11 50 39 5
32 10 113 82 25 59 69 25 76 4 97 56 47 89 97 97 94 45 21 87 21 22 43
33 10 125 96 28 91 78 65 18 97 27 19 87 32 100 63 90 69 40 24 36 72 22
34 10 88 25 69 18 18 65 39 57 85 60 51 33 88 93 10 4 10 59 31 29 45
35 10 75 62 80 8 3 48 47 68 23 34 91 44 58 11 62 28 75 36 12 38 44
36 10 109 98 31 5 54 92 15 36 20 60 97 52 19 51 51 17 18 74 50 61 69
37 10 119 60 71 30 39 46 81 74 9 92 63 4 41 93 8 85 23 81 56 34 29
38 10 100 7 4 80 58 20 49 83 21 9 51 33 70 77 65 95 85 56 58 40 49
39 10 99 50 47 94 86 21 27 54 55 9 86 28 35 91 49 43 94 80 74 26 50
40 10 95 2 90 44 38 98 1 77 46 3 24 91 40 96 17 33 2 24 33 10 9
41 10 106 93 38 43 84 38 38 77 17 63 54 18 65 14 2 40 66 79 37 68 54
42 10 116 28 60 49 96 92 50 19 24 60 80 69 49 74 52 86 11 80 54 26 33
43 10 80 72 90 75 37 43 67 2 21 3 22 26 82 81 75 30 72 24 48 48 35
44 10 111 79 16 83 53 19 68 15 98 22 40 82 45 81 8 24 26 96 81 55 22
45 10 96 62 35 96 91 59 71 91 6 6 69 73 88 21 91 8 88 40 81 27 73
46 10 122 25 8 80 5 83 58 38 78 93 51 99 79 46 42 37 69 84 94 26 52
47 10 106 66 13 25 8 72 12 99 52 90 71 76 49 3 32 31 60 22 61 49 66
48 10 89 11 47 44 9 40 33 77 23 26 2 27 92 66 51 51 38 14 50 89 3
49 10 91 72 17 4 26 34 37 21 94 85 86 57 84 82 65 23 14 41 46 39 94
