0 10 150 4 5 36 20 26 9 17 11 8 17 19 7 50 19 46 6 3 18 91 4
1 10 293 21 20 75 15 89 18 81 12 54 16 63 19 56 19 82 3 8 20 57 18
2 10 243 18 15 93 7 17 8 65 19 63 6 30 17 12 16 77 1 37 8 74 4
3 10 300 83 5 60 13 86 14 20 17 47 9 26 16 95 18 63 3 98 7 22 20
4 10 283 64 3 49 16 59 5 48 7 45 2 50 19 26 9 91 3 35 11 99 1
5 10 300 91 4 48 5 94 10 47 11 89 20 2 12 23 10 79 13 27 7 100 8
6 10 168 1 17 89 11 39 15 53 9 7 3 12 14 27 5 16 6 47 4 45 9
7 10 281 7 19 50 18 3 16 64 1 98 15 61 10 91 1 93 1 27 5 69 13
8 10 276 88 20 38 6 37 13 91 3 56 8 31 15 58 1 52 1 8 7 93 18
9 10 229 81 5 7 3 57 19 3 3 96 3 15 15 2 13 90 17 43 5 65 10
10 10 189 7 19 39 7 30 11 47 16 44 4 28 20 62 10 57 13 4 11 60 6
11 10 276 58 14 79 10 93 1 18 7 45 2 16 11 60 7 90 9 57 16 36 12
12 10 217 91 3 4 4 64 20 68 19 2 7 44 19 20 15 65 15 38 11 39 19
13 10 181 19 9 31 5 30 19 33 17 7 5 69 8 63 5 99 10 3 12 9 19
14 10 214 11 8 73 10 92 7 19 15 57 10 13 17 20 9 27 10 21 3 96 17
15 10 291 2 17 96 4 1 6 45 15 98 13 53 8 33 17 89 16 95 20 70 11
16 10 181 49 2 20 2 26 9 43 20 5 11 73 13 47 8 25 12 33 19 41 17
17 10 250 84 20 69 20 89 5 7 20 66 17 56 19 21 13 27 15 5 3 77 15
18 10 266 12 5 79 15 49 10 96 5 93 15 6 4 35 2 10 14 67 19 85 6
19 10 268 26 3 87 11 82 1 15 4 66 11 19 9 7 9 84 15 58 11 92 2
20 10 333 25 9 58 12 50 19 97 16 89 2 82 15 36 20 77 17 72 11 81 18
21 10 248 33 11 18 20 51 13 46 9 83 9 62 20 37 11 23 18 90 19 54 10
22 10 231 52 7 44 8 6 20 4 9 62 16 66 15 86 16 37 8 83 17 23 4
23 10 237 10 14 60 1 56 18 22 6 3 11 78 1 47 17 98 18 20 6 80 8
24 10 251 92 6 45 19 63 13 18 5 81 20 68 11 25 20 23 20 29 16 58 11
25 10 217 46 7 23 4 3 20 62 14 45 13 81 8 70 18 66 12 10 4 28 11
26 10 251 75 16 33 20 27 15 31 15 50 8 37 7 26 19 91 8 78 4 54 2
27 10 218 96 6 62 5 63 7 48 13 75 15 37 10 47 16 1 18 2 2 6 10
28 10 291 48 11 90 11 77 13 64 11 40 1 12 16 38 3 88 20 78 2 47 8
29 10 306 75 7 100 12 48 1 97 18 80 17 90 2 14 14 5 4 74 5 29 20
30 10 215 64 12 7 15 9 20 2 7 76 13 58 8 53 18 16 2 47 18 99 8
31 10 245 43 12 44 6 57 1 32 6 20 16 69 19 62 9 38 4 35 17 91 20
32 10 235 54 10 44 4 78 5 73 16 14 11 64 17 7 14 11 19 46 8 79 13
33 10 208 16 9 54 4 46 9 30 14 12 1 48 13 64 11 50 20 83 6 14 5
34 10 311 41 2 58 19 35 20 80 7 88 12 82 16 78 17 93 6 59 7 9 11
35 10 292 34 2 95 16 83 6 78 20 59 2 80 11 51 7 11 8 46 17 47 10
36 10 198 11 2 47 19 34 4 97 12 53 8 5 14 74 12 16 19 29 16 30 2
37 10 247 27 1 53 17 63 4 25 11 30 14 23 12 92 9 35 20 80 19 67 17
38 10 268 72 12 88 20 63 9 15 4 30 1 56 14 70 15 48 13 59 19 35 4
39 10 366 91 9 47 14 17 1 74 9 72 20 85 3 84 4 82 6 92 8 89 14
40 10 178 41 16 7 10 30 15 14 8 45 20 43 15 9 9 69 17 22 2 77 13
41 10 194 33 13 87 8 37 1 13 8 68 13 1 20 49 20 69 18 14 15 18 18
42 10 200 34 12 44 14 53 4 71 6 57 19 18 10 12 16 9 8 76 2 27 16
43 10 202 26 20 7 6 39 8 4 12 62 13 61 15 84 4 41 8 68 11 13 4
44 10 242 61 2 65 12 38 14 19 5 47 18 12 4 77 19 50 7 46 13 70 7
45 10 249 77 10 53 12 85 13 4 15 12 20 16 6 44 7 83 9 58 19 67 7
46 10 280 11 11 35 1 40 1 26 4 70 4 72 11 88 3 87 1 34 11 98 10
47 10 279 2 3 65 1 77 6 50 15 52 16 85 14 90 5 33 2 42 8 63 5
48 10 274 99 13 13 14 45 7 41 11 64 10 85 18 27 17 34 12 78 9 63 13
49 10 302 93 17 74 10 41 15 51 9 77 8 19 1 92 12 91 8 32 10 34 13
