0 10 243 19 13 1 123 12 89 77 150 57 186 67 148 82 39 58 179 91 85 22 67
1 10 330 61 76 90 10 49 88 59 79 38 78 43 39 100 154 79 128 56 142 85 193
2 10 259 8 84 74 99 93 152 41 177 19 62 43 31 90 85 38 172 51 16 61 28
3 10 239 10 151 79 116 29 59 23 122 43 115 82 78 89 80 70 192 20 99 33 93
4 10 259 93 122 77 185 60 100 35 27 61 115 37 163 52 192 51 26 13 145 40 94
5 10 230 74 28 25 96 20 96 94 181 29 86 73 2 15 157 61 66 44 88 26 158
6 10 147 76 41 2 179 32 105 4 96 1 143 42 175 23 18 22 94 66 15 26 146
7 10 244 52 199 47 18 7 8 84 102 61 11 22 1 65 52 69 55 32 21 49 125
8 10 251 47 23 94 168 16 159 82 142 4 186 92 51 55 150 10 38 52 8 51 14
9 10 251 81 151 78 132 87 198 38 118 19 86 94 165 9 87 33 176 46 66 17 101
10 10 300 51 160 3 158 62 112 95 65 71 145 78 151 48 56 82 134 53 19 57 196
11 10 286 88 165 82 120 40 79 85 9 80 188 68 82 45 181 46 91 16 188 23 119
12 10 257 35 130 20 182 71 122 5 27 69 192 43 102 63 82 81 47 42 112 86 162
13 10 266 45 130 42 90 73 187 58 160 9 176 94 38 27 65 71 49 38 127 75 6
14 10 205 18 169 59 132 51 39 79 44 2 116 5 47 46 147 88 170 33 97 29 193
15 10 320 72 74 82 151 38 104 99 75 31 26 32 100 94 90 96 81 62 40 34 77
16 10 191 44 180 74 142 20 43 26 116 71 18 40 44 51 90 33 55 7 85 17 190
17 10 310 84 11 32 167 58 64 28 197 97 5 93 129 78 86 48 121 12 63 91 81
18 10 201 54 87 32 195 19 38 35 178 22 3 67 57 65 150 24 123 13 103 71 10
19 10 311 7 63 90 185 49 37 57 12 51 147 92 5 85 75 99 4 12 185 81 185
20 10 282 88 99 42 152 49 17 74 61 19 145 22 26 59 111 62 59 99 170 50 68
21 10 301 14 154 53 140 52 56 89 188 88 76 86 29 27 134 97 53 47 116 49 120
22 10 361 93 59 31 6 70 129 75 91 30 42 56 183 94 96 87 101 99 175 88 86
23 10 292 50 174 67 28 59 63 80 157 30 180 77 174 39 107 79 108 87 105 17 99
24 10 187 6 151 92 153 37 45 3 163 32 88 12 57 68 121 23 24 2 3 100 176
25 10 237 93 158 6 100 97 163 1 65 61 106 15 52 58 4 48 60 66 180 30 188
26 10 295 57 121 7 29 95 31 31 97 82 158 89 40 63 140 36 177 93 152 37 198
27 10 319 66 41 8 169 88 19 87 19 70 16 59 27 65 55 82 195 37 31 77 194
28 10 273 71 68 9 163 55 185 6 22 52 71 62 11 92 101 82 30 20 51 97 78
29 10 245 29 84 42 84 17 189 72 47 65 66 70 84 74 32 38 10 43 31 41 165
30 10 211 44 52 8 145 33 137 16 83 93 112 68 86 47 137 74 18 35 90 4 173
31 10 236 60 187 10 70 24 104 65 69 96 116 28 40 7 134 49 51 97 69 36 143
32 10 270 5 162 13 139 3 99 95 128 59 81 89 28 93 79 69 13 74 36 40 165
33 10 205 35 156 71 20 5 21 17 173 9 111 29 22 75 67 76 74 61 103 32 42
34 10 328 92 59 98 136 89 18 48 63 53 39 27 139 95 150 58 51 22 126 75 182
35 10 181 37 103 3 11 21 131 84 34 33 67 27 176 77 124 11 166 41 10 28 145
36 10 243 1 6 35 147 55 144 97 29 70 123 10 58 25 165 68 97 95 104 30 127
37 10 235 70 156 55 47 31 165 64 123 27 191 19 79 48 53 25 103 49 21 83 170
38 10 226 95 92 27 71 56 46 67 150 49 49 29 119 4 83 17 187 99 80 9 125
39 10 185 22 128 3 169 32 179 23 80 51 105 1 45 97 27 15 4 73 34 54 21
40 10 265 82 182 91 37 64 159 23 62 90 84 39 163 11 93 32 94 72 106 26 22
41 10 187 11 126 19 159 5 133 62 177 66 67 49 47 48 192 36 63 2 58 77 44
42 10 256 41 15 6 103 59 89 49 82 95 74 56 157 51 74 15 55 58 28 83 124
43 10 210 95 84 22 94 27 157 9 80 67 185 23 59 51 129 14 9 69 62 43 163
44 10 214 87 98 19 189 23 185 96 80 13 130 55 59 29 104 91 137 12 71 3 196
45 10 257 45 114 46 25 27 107 94 40 49 156 78 198 18 72 63 13 51 175 43 58
46 10 285 85 107 86 89 98 174 20 29 48 64 42 193 89 120 51 82 11 151 40 100
47 10 244 67 157 71 130 70 74 56 64 31 41 68 81 19 93 32 138 21 179 54 14
48 10 258 24 194 85 174 27 195 77 167 86 176 34 43 47 63 64 172 70 179 2 62
49 10 183 48 21 42 119 13 74 8 186 4 113 99 127 6 84 53 132 78 81 16 56
