0 10 335 16 25 73 17 93 54 97 26 89 8 63 10 79 21 20 2 82 13 59 76
1 10 291 77 71 86 72 12 68 46 79 97 13 3 69 29 48 75 77 73 63 84 35
2 10 191 72 14 55 44 68 70 25 80 18 35 7 94 5 44 11 63 47 7 75 1
3 10 241 28 55 48 2 31 20 64 14 54 87 80 60 30 47 81 6 26 51 41 84
4 10 213 44 45 27 61 13 37 75 11 96 1 11 23 55 59 24 85 30 39 51 36
5 10 267 25 30 95 7 76 28 64 1 78 4 36 21 1 62 34 65 50 8 75 97
6 10 282 61 37 19 15 47 94 100 77 84 50 64 61 79 10 67 54 37 30 6 14
7 10 293 86 41 87 38 54 20 3 79 80 100 39 16 70 54 15 16 53 91 99 54
8 10 215 6 11 32 15 77 85 52 59 42 65 96 82 51 85 35 22 38 89 1 17
9 10 316 40 91 32 62 96 46 77 100 88 27 53 45 38 36 60 66 72 11 76 13
10 10 237 27 23 94 78 7 80 51 44 21 3 60 60 44 21 41 41 49 41 81 76
11 10 281 45 25 65 81 84 82 52 46 58 65 73 80 10 2 39 42 82 62 55 94
12 10 324 21 100 89 94 40 29 42 32 61 69 77 86 85 57 67 8 76 24 91 55
13 10 344 34 92 45 27 95 79 88 1 72 60 60 5 92 40 99 23 53 67 51 38
14 10 206 4 7 10 70 67 28 45 42 18 51 27 61 96 53 8 74 40 8 97 52
15 10 353 60 8 56 51 99 54 25 51 73 28 88 76 86 50 97 52 77 41 46 95
16 10 261 91 72 7 38 25 14 63 16 74 59 67 33 66 75 35 65 80 11 15 52
17 10 184 38 55 27 24 4 75 32 15 72 78 58 44 85 47 20 50 10 35 23 68
18 10 308 54 7 86 80 41 50 59 52 16 11 89 22 64 25 91 57 30 62 87 57
19 10 326 70 34 76 72 95 63 94 62 68 53 99 47 93 48 5 96 16 67 37 37
20 10 200 56 100 14 71 90 22 4 7 39 60 29 24 88 100 18 50 45 31 17 97
21 10 259 30 63 90 29 19 37 44 86 73 81 41 73 94 63 14 15 62 17 52 77
22 10 226 1 75 64 100 44 65 45 75 81 41 4 95 82 84 13 19 28 98 91 60
23 10 255 90 15 5 4 29 71 66 45 43 69 73 44 44 36 95 87 52 39 13 32
24 10 296 32 68 26 65 52 91 83 31 40 26 90 82 94 85 68 16 50 65 58 71
25 10 216 37 53 14 25 48 52 76 38 65 60 21 32 86 83 27 20 13 19 45 54
26 10 266 37 99 84 56 14 86 20 24 56 9 28 69 85 27 72 60 65 36 71 37
27 10 288 68 8 74 2 86 94 67 4 90 72 3 26 71 87 34 36 72 5 11 79
28 10 194 13 39 99 49 65 70 9 81 6 79 18 25 38 91 78 24 36 44 27 26
29 10 228 16 30 3 38 68 36 25 91 41 36 69 5 74 67 54 38 36 14 71 41
30 10 246 44 40 17 82 30 95 57 18 90 83 43 57 64 45 94 31 33 19 21 73
31 10 231 54 89 29 79 7 82 68 43 47 38 35 91 77 52 24 59 46 80 76 87
32 10 185 62 18 44 78 14 37 8 46 7 81 70 12 21 99 90 28 32 10 22 79
33 10 244 47 56 21 76 59 44 34 56 75 61 43 88 30 86 65 43 74 73 41 81
34 10 287 53 10 44 25 60 86 52 92 95 73 22 93 29 94 68 39 89 53 63 65
35 10 231 37 50 94 22 15 37 47 39 29 79 43 38 23 67 50 8 71 41 54 43
36 10 242 14 98 23 7 18 62 95 70 8 9 87 44 58 80 17 24 68 15 96 94
37 10 253 56 86 16 75 35 75 45 27 80 39 40 77 14 98 94 27 92 16 34 100
38 10 196 2 29 9 33 97 33 1 11 98 48 4 54 33 19 80 67 45 76 24 14
39 10 278 84 53 79 81 46 5 24 13 90 75 14 18 99 14 68 99 25 65 28 70
40 10 261 79 99 49 97 95 76 42 19 77 71 20 10 68 25 33 33 14 60 46 84
41 10 300 43 44 97 62 94 73 26 40 53 48 70 51 96 18 45 24 11 15 65 40
42 10 280 37 84 49 57 60 33 89 26 92 86 9 86 82 57 47 75 30 73 66 82
43 10 182 20 87 84 67 5 80 42 67 95 6 6 83 54 39 1 39 27 78 30 13
44 10 312 38 16 94 95 62 20 76 86 86 9 57 72 92 76 28 71 17 47 75 4
45 10 182 16 58 38 16 48 17 46 77 29 83 44 74 58 93 4 43 30 12 52 54
46 10 251 55 79 33 78 95 79 46 69 83 45 36 92 35 4 39 3 49 67 31 11
47 10 256 56 60 68 100 15 62 30 27 65 35 33 43 67 62 90 98 8 10 80 4
48 10 319 46 23 90 49 13 92 97 31 74 79 41 81 38 60 81 53 62 31 96 15
49 10 206 33 14 77 22 11 36 31 42 39 76 16 29 76 28 20 72 59 94 51 51
