0 10 109 20 100 17 6 36 77 16 59 18 65 11 39 35 61 30 5 34 1 1 39
1 10 104 16 90 37 3 18 63 4 69 35 80 15 10 28 83 17 64 14 27 24 65
2 10 102 14 16 31 2 7 2 37 79 20 73 8 75 23 30 26 37 1 92 38 68
3 10 91 6 86 23 19 32 63 3 76 16 90 22 38 11 60 40 80 18 31 12 57
4 10 110 11 78 25 13 19 22 1 19 33 50 38 91 35 21 9 99 23 83 26 30
5 10 78 13 19 20 15 18 59 14 15 21 97 23 31 6 28 15 36 1 47 26 66
6 10 133 28 44 16 83 36 64 33 50 27 58 31 71 17 50 37 54 20 83 21 1
7 10 129 19 95 23 57 34 78 24 75 36 50 20 24 25 95 38 60 10 90 29 8
8 10 85 7 39 18 23 21 67 9 100 19 95 15 87 4 31 35 39 20 86 22 24
9 10 79 19 35 1 60 3 49 7 33 38 81 33 44 21 25 12 61 16 71 8 10
10 10 84 9 28 33 39 2 64 38 7 5 93 16 27 15 21 18 13 6 56 26 30
11 10 64 11 6 14 43 7 30 5 74 13 1 4 64 19 33 20 3 6 69 30 4
12 10 90 6 57 5 76 1 82 31 66 33 72 37 27 30 46 3 15 28 68 7 3
13 10 89 31 40 1 63 24 88 39 85 4 36 8 63 2 1 25 79 18 2 27 4
14 10 117 31 24 27 57 32 14 23 14 24 14 7 6 16 82 26 26 29 14 19 8
15 10 120 36 72 28 21 30 70 38 52 29 1 14 72 39 51 15 64 5 1 7 39
16 10 74 27 65 6 28 2 52 25 2 5 3 1 40 14 20 20 76 29 9 19 37
17 10 82 22 72 1 60 14 47 36 99 19 34 9 45 18 14 4 11 17 69 24 81
18 10 97 23 24 13 49 3 84 16 32 33 54 40 6 17 32 31 79 12 49 6 89
19 10 67 14 75 9 86 31 69 1 3 12 25 15 92 27 11 7 50 2 60 16 53
20 10 115 36 98 23 68 38 12 13 86 5 19 20 33 10 54 37 64 21 39 28 99
21 10 75 1 54 15 25 2 14 32 26 29 70 9 8 19 20 25 56 11 44 8 78
22 10 109 5 41 34 20 37 66 10 76 9 17 24 5 38 29 15 70 30 23 17 68
23 10 110 22 81 32 97 3 67 17 80 23 29 26 43 38 31 13 47 34 74 12 6
24 10 66 6 67 7 55 1 3 3 35 15 46 23 37 5 71 9 87 34 81 29 64
25 10 108 33 13 3 46 6 77 34 16 29 31 7 57 20 39 32 54 13 46 39 56
26 10 101 15 63 26 3 22 77 16 82 5 51 6 10 33 11 35 42 17 62 27 35
27 10 117 28 76 34 6 27 67 31 32 37 86 6 32 11 20 13 40 16 58 32 45
28 10 71 2 42 3 30 21 84 9 87 4 100 30 18 11 93 7 76 38 38 17 67
29 10 115 25 46 18 9 19 92 20 82 21 53 37 69 32 92 31 32 13 60 14 46
30 10 101 6 1 36 15 30 85 39 73 23 83 18 80 3 37 31 95 10 44 7 38
31 10 124 32 37 21 56 39 92 20 91 37 5 28 17 23 59 17 70 1 4 31 39
32 10 106 16 5 7 58 39 48 1 97 37 65 6 98 32 16 11 6 38 36 26 47
33 10 96 20 84 15 69 12 16 13 22 26 60 19 84 17 77 31 18 6 19 34 11
34 10 102 28 5 6 9 35 84 18 22 29 95 9 80 31 15 2 30 32 16 15 31
35 10 141 14 18 20 70 37 95 39 2 26 6 35 46 32 70 15 14 30 10 34 29
36 10 97 16 81 30 100 28 64 2 41 34 81 31 33 9 57 3 50 6 41 35 100
37 10 81 26 99 9 53 4 70 2 49 18 53 28 25 33 77 24 81 13 6 6 38
38 10 97 35 58 7 44 13 36 9 53 31 60 10 41 2 4 29 55 32 46 27 99
39 10 124 30 92 36 46 24 20 23 96 5 40 31 54 26 74 22 82 18 4 33 60
40 10 124 4 72 13 99 20 8 30 17 34 100 38 5 35 35 28 46 17 24 29 54
41 10 120 4 6 39 9 27 12 22 4 18 17 15 90 26 49 36 62 23 16 31 67
42 10 125 22 86 15 88 2 70 37 2 35 20 28 53 21 26 16 11 39 100 36 45
43 10 75 1 83 22 90 38 55 12 13 5 70 15 90 4 94 24 85 10 65 19 42
44 10 88 24 63 14 50 18 84 9 48 3 64 4 23 6 85 32 96 39 63 28 44
45 10 112 33 14 25 48 7 100 13 29 37 43 2 40 26 95 9 35 38 37 35 60
46 10 68 13 78 2 50 23 94 5 53 28 5 16 40 10 33 9 32 4 57 26 78
47 10 90 3 24 8 10 21 17 24 60 30 35 6 67 34 23 15 85 4 67 36 72
48 10 93 31 99 20 98 17 9 9 91 12 17 32 85 15 91 5 68 24 26 22 69
49 10 83 4 41 14 66 36 51 10 94 6 33 24 25 33 94 13 21 2 83 25 50
