0 10 280 18 82 99 50 45 3 64 93 60 44 50 78 27 66 86 44 79 15 33 61
1 10 278 88 68 8 43 59 44 37 95 55 27 96 24 60 47 73 5 49 89 32 50
2 10 152 85 10 16 23 5 46 37 37 6 76 56 65 18 14 60 6 14 84 7 89
3 10 265 44 53 14 100 54 54 48 13 85 97 98 46 64 72 50 9 8 38 66 35
4 10 248 93 82 4 58 42 10 69 7 75 48 36 80 61 35 33 14 34 45 50 83
5 10 257 94 95 46 65 96 7 24 33 58 77 6 14 34 99 23 2 57 67 76 4
6 10 235 3 7 64 89 39 29 75 36 78 57 81 24 54 46 19 12 21 3 36 31
7 10 232 79 93 44 12 43 66 65 99 32 93 3 86 99 18 27 90 47 1 25 24
8 10 177 9 57 48 62 54 18 74 75 21 61 5 99 63 47 17 27 45 100 19 47
9 10 268 86 18 65 64 7 11 16 83 24 39 85 37 93 3 62 19 75 74 23 73
10 10 301 78 74 35 24 90 62 69 89 80 67 26 49 83 89 55 93 56 89 31 31
11 10 278 80 15 68 72 69 81 90 43 55 64 16 32 89 2 56 78 15 76 18 95
12 10 260 94 44 43 77 84 50 21 40 90 51 22 69 18 41 40 86 81 29 28 96
13 10 281 96 59 84 97 66 13 12 93 31 58 87 26 52 63 9 53 83 100 43 86
14 10 208 22 11 3 62 88 35 35 68 62 83 63 21 18 12 38 83 75 83 13 84
15 10 278 69 38 87 83 98 40 65 98 34 50 71 96 4 32 50 92 67 37 11 28
16 10 243 19 74 100 88 37 90 70 63 72 34 46 92 23 84 74 21 38 18 8 40
17 10 231 40 56 43 71 5 86 89 41 97 69 11 22 68 51 10 9 20 72 80 6
18 10 236 69 71 28 52 44 48 27 34 17 34 25 56 89 19 79 46 57 67 38 5
19 10 283 87 49 78 7 99 87 15 70 10 47 27 78 69 55 29 13 54 55 98 23
20 10 208 41 74 30 81 92 8 26 100 27 64 4 13 64 81 19 14 86 35 28 32
21 10 271 62 5 16 86 64 21 92 61 43 84 86 73 65 78 80 42 29 58 5 33
22 10 151 23 20 65 41 33 84 26 68 11 9 29 68 9 96 5 72 16 96 85 11
23 10 255 32 70 83 96 99 14 37 80 72 94 12 94 13 76 86 98 11 64 65 74
24 10 276 72 45 41 32 40 97 4 7 92 40 17 23 61 51 70 12 65 59 91 36
25 10 229 4 54 81 16 29 18 13 92 65 5 73 57 36 64 53 91 23 96 82 39
26 10 302 71 95 90 40 6 6 50 96 93 53 49 73 69 29 42 33 72 75 62 36
27 10 210 79 86 92 66 2 44 9 24 40 42 14 62 36 55 1 41 60 51 88 52
28 10 226 3 88 76 23 69 18 8 40 44 21 22 58 19 39 59 15 99 82 54 41
29 10 246 96 67 76 50 67 17 62 69 56 13 24 44 41 98 12 10 5 3 53 77
30 10 273 78 26 35 49 64 93 63 15 75 68 55 22 34 30 23 100 98 84 21 54
31 10 266 49 44 41 93 12 50 98 14 2 26 44 79 60 92 94 53 54 8 79 21
32 10 229 62 52 6 44 26 5 41 62 77 46 10 72 46 2 65 9 51 14 75 4
33 10 253 39 18 82 99 61 27 3 66 35 33 38 48 36 43 91 61 99 84 22 76
34 10 307 81 83 47 79 84 11 87 34 76 61 89 15 30 22 65 42 49 67 7 83
35 10 226 51 96 30 86 38 73 98 89 56 20 64 88 2 62 66 38 25 5 23 100
36 10 286 65 12 14 47 33 78 88 33 96 95 15 98 90 97 83 80 21 81 68 76
37 10 276 52 83 15 5 96 33 42 20 37 65 72 53 28 37 99 12 67 87 45 14
38 10 127 33 11 12 74 7 94 5 27 26 72 54 29 6 21 34 54 53 27 25 89
39 10 315 91 96 41 70 85 40 82 51 78 26 64 10 36 75 35 95 21 40 98 63
40 10 284 27 27 21 47 60 74 99 86 98 39 29 94 79 98 78 70 31 80 47 56
41 10 244 95 8 44 70 43 38 42 34 10 39 96 88 17 68 34 28 41 84 66 39
42 10 265 22 94 84 53 43 13 26 92 21 81 86 80 76 7 74 65 7 75 91 55
43 10 237 62 7 22 48 35 63 31 100 53 5 45 36 57 39 30 64 43 50 97 80
44 10 219 82 72 87 55 37 86 14 63 76 68 35 41 23 69 55 6 20 7 10 16
45 10 284 94 66 6 93 95 70 87 97 18 67 78 41 53 32 29 90 45 91 64 67
46 10 219 52 5 41 72 59 46 43 18 55 58 11 72 15 56 67 84 42 15 53 8
47 10 268 92 94 12 75 22 54 72 65 71 87 83 74 43 23 45 54 21 39 75 48
48 10 210 33 99 62 40 65 46 34 31 50 93 74 43 5 100 58 71 29 80 10 63
49 10 234 53 52 85 49 5 5 39 27 32 86 60 30 47 99 46 44 76 94 25 1
