0 4 93 48 1 13 48 33 38 93 100
1 4 77 22 56 38 48 1 26 94 39
2 4 97 85 67 47 84 54 18 8 98
3 4 120 84 27 66 31 61 85 30 13
4 4 112 98 77 97 87 21 48 8 77
5 4 133 86 8 29 63 53 19 99 19
6 4 52 17 34 65 70 3 24 20 86
7 4 84 50 37 69 62 22 98 27 71
8 4 115 27 23 57 47 71 64 75 8
9 4 81 23 55 22 75 73 21 45 90
10 4 98 6 62 11 9 85 82 94 87
11 4 70 19 62 100 40 12 26 10 38
12 4 98 49 66 36 71 81 11 30 56
13 4 98 65 51 30 90 23 75 79 29
14 4 101 36 89 37 72 71 82 58 41
15 4 108 96 10 80 7 35 89 6 31
16 4 91 5 38 93 34 10 37 75 99
17 4 99 59 49 29 87 36 69 75 59
18 4 61 91 9 17 31 4 26 10 10
19 4 39 12 50 57 47 7 39 3 45
20 4 94 32 89 89 93 25 63 43 83
21 4 92 63 71 22 98 91 48 9 82
22 4 45 56 25 12 59 2 74 20 65
23 4 37 23 76 11 30 15 14 26 98
24 4 90 2 14 90 78 77 84 12 39
25 4 102 6 33 89 96 33 97 77 88
26 4 136 73 89 47 26 62 18 90 36
27 4 93 94 53 17 60 18 42 57 19
28 4 105 8 98 48 84 81 59 74 38
29 4 101 44 14 33 76 62 10 63 86
30 4 93 98 61 11 11 31 53 46 24
31 4 94 5 63 35 22 56 43 92 63
32 4 124 92 39 98 72 49 24 9 92
33 4 71 37 93 67 51 2 82 36 51
34 4 100 42 47 61 72 51 7 47 55
35 4 107 21 33 28 28 75 19 91 66
36 4 81 9 40 89 57 63 49 1 52
37 4 69 42 67 2 43 48 89 46 42
38 4 127 35 6 65 37 64 12 91 36
39 4 146 96 18 64 71 88 54 45 77
40 4 58 5 8 77 5 11 18 23 64
41 4 72 13 71 52 58 64 39 15 28
42 4 133 75 31 91 18 66 87 35 29
43 4 44 9 75 34 96 22 79 24 26
44 4 126 38 1 82 100 70 5 63 34
45 4 97 27 66 43 90 56 10 69 31
46 4 162 40 60 100 5 98 86 86 58
47 4 110 60 19 53 82 49 29 59 38
48 4 75 29 93 37 50 49 51 36 75
49 4 87 17 78 16 72 87 36 54 26
