0 8 142 60 13 13 54 26 16 40 64 84 66 6 35 15 28 41 6
1 8 140 53 27 2 64 93 86 46 85 6 91 1 66 74 54 5 38
2 8 262 66 58 64 33 50 27 68 67 84 3 81 64 95 86 16 21
3 8 145 40 31 65 25 28 49 82 18 1 99 11 75 52 15 12 69
4 8 170 72 75 2 73 53 21 40 89 75 20 52 69 6 19 41 97
5 8 151 50 5 21 29 5 54 47 6 52 9 32 4 23 43 72 46
6 8 242 70 25 71 22 98 10 62 72 29 13 41 86 32 33 82 33
7 8 201 38 54 61 94 7 59 99 11 67 82 66 41 25 89 39 94
8 8 214 14 9 67 63 18 81 34 46 93 26 84 76 59 17 60 96
9 8 262 71 21 89 29 79 40 91 46 21 56 86 97 45 76 42 10
10 8 261 84 61 72 1 41 5 99 33 31 82 61 89 98 20 36 20
11 8 248 92 76 1 71 67 91 68 40 99 5 36 43 81 78 52 64
12 8 188 90 23 17 30 27 15 14 9 48 74 97 97 46 84 37 60
13 8 187 69 59 26 11 78 65 9 35 53 51 15 82 54 30 71 76
14 8 197 46 100 55 12 13 63 59 39 60 56 84 95 24 72 54 44
15 8 278 83 80 54 60 96 15 94 48 65 60 29 19 90 99 46 87
16 8 197 50 100 99 15 63 9 53 74 16 88 68 39 11 22 34 93
17 8 255 53 88 48 2 98 48 18 58 76 88 99 27 34 85 85 35
18 8 210 42 47 96 46 72 11 33 40 2 96 13 35 88 17 74 92
19 8 212 16 27 42 63 45 99 91 84 97 17 69 33 44 54 20 86
20 8 222 52 67 83 24 77 16 15 30 63 27 17 2 43 90 94 58
21 8 211 17 87 73 13 85 63 48 33 31 17 26 70 88 63 54 46
22 8 175 96 83 13 10 12 75 36 28 76 30 70 21 40 38 7 12
23 8 192 50 43 26 49 27 56 65 44 33 86 31 96 59 37 93 6
24 8 147 19 5 16 82 31 3 62 58 85 31 24 20 37 87 21 32
25 8 208 64 69 58 71 86 53 3 71 36 50 81 72 42 39 46 54
26 8 189 23 28 8 36 86 92 66 16 67 85 4 5 57 35 68 26
27 8 242 45 38 11 97 93 33 32 42 66 55 84 4 96 81 57 19
28 8 208 9 16 54 94 60 72 61 78 8 64 83 65 99 2 42 43
29 8 230 92 52 91 84 36 23 25 1 77 60 4 25 41 12 95 1
30 8 193 28 100 94 39 71 54 16 31 17 98 47 67 52 88 61 43
31 8 218 91 52 26 26 2 27 62 82 94 20 73 72 47 11 42 52
32 8 169 26 24 20 76 22 39 27 61 99 21 51 50 46 29 47 7
33 8 206 81 8 88 58 61 33 30 14 5 1 12 15 42 63 93 18
34 8 247 83 68 39 21 46 52 71 66 54 73 63 82 99 61 40 79
35 8 181 69 80 37 81 12 66 95 69 66 6 35 59 21 27 28 55
36 8 255 46 19 27 43 70 97 60 23 69 22 57 20 83 96 98 3
37 8 235 27 86 83 91 3 29 59 68 87 45 79 7 72 6 61 69
38 8 259 24 87 64 45 35 23 68 56 97 24 75 31 71 24 85 98
39 8 234 10 19 88 12 100 98 32 86 42 10 44 65 67 4 86 43
40 8 196 42 49 87 76 23 6 31 71 81 57 1 52 37 1 90 56
41 8 159 40 53 55 89 84 92 30 45 35 47 12 38 32 6 31 32
42 8 203 44 58 54 2 41 25 82 97 77 85 14 85 18 21 76 71
43 8 205 75 64 6 66 94 51 100 92 14 89 23 71 71 6 28 59
44 8 162 15 20 35 49 69 64 33 45 77 18 49 93 37 23 9 42
45 8 177 40 2 44 91 45 9 31 67 79 1 24 45 80 82 11 52
46 8 185 69 59 20 32 92 16 60 61 30 8 5 18 82 13 12 73
47 8 236 66 55 63 10 16 45 28 94 97 51 38 28 85 49 79 53
48 8 162 59 98 36 50 66 95 10 95 2 67 65 35 79 76 7 45
49 8 212 82 21 6 97 65 34 91 13 36 80 40 20 80 71 24 39
